3.035681843999999963e-01 1.202529532178772120e+00
3.754150819020408147e-01 1.282610950352450541e+00
4.472619794040816332e-01 1.413678552168677660e+00
5.191088769061225072e-01 1.621911279837559228e+00
5.909557744081632702e-01 1.948866298058797408e+00
6.628026719102040332e-01 2.457834175194838711e+00
7.346495694122449072e-01 3.231781203412324111e+00
8.064964669142857812e-01 4.341274528878120265e+00
8.783433644163265441e-01 5.753908030306546628e+00
9.501902619183673071e-01 7.228900760297651829e+00
1.022037159420408070e+00 8.339077514163285798e+00
1.093884056922449055e+00 8.767394463952292938e+00
1.165730954424489818e+00 8.604441163912389001e+00
1.237577851926530581e+00 8.047254148856772815e+00
1.309424749428571566e+00 7.243088035794282398e+00
1.381271646930612329e+00 6.361521794475768488e+00
1.453118544432653092e+00 5.520156020061835811e+00
1.524965441934693855e+00 4.768490644263105871e+00
1.596812339436734618e+00 4.116344372037235466e+00
1.668659236938775603e+00 3.576654184492740640e+00
1.740506134440816366e+00 3.173315504334424109e+00
1.812353031942857129e+00 2.901159942222145904e+00
1.884199929444898114e+00 2.730983407740989577e+00
1.956046826946938877e+00 2.653877435274206942e+00
2.027893724448979640e+00 2.669049238762110754e+00
2.099740621951020181e+00 2.752327139146587776e+00
2.171587519453061166e+00 2.860225910393476401e+00
2.243434416955102151e+00 2.954606571150894201e+00
2.315281314457143136e+00 3.013641002917752498e+00
2.387128211959183677e+00 3.038822175089545663e+00
2.458975109461224662e+00 3.053911771834364686e+00
2.530822006963265203e+00 3.077558239288722408e+00
2.602668904465306188e+00 3.099777414384928154e+00
2.674515801967347173e+00 3.116773215966923694e+00
2.746362699469387714e+00 3.168443758249281483e+00
2.818209596971428699e+00 3.268120311567557668e+00
2.890056494473469240e+00 3.368165541886195324e+00
2.961903391975510225e+00 3.401361696405850399e+00
3.033750289477551210e+00 3.333073609816633809e+00
3.105597186979591751e+00 3.183861215005407530e+00
3.177444084481632736e+00 2.978176989300022726e+00
3.249290981983673721e+00 2.738121417040297878e+00
3.321137879485714262e+00 2.487298046854953704e+00
3.392984776987755247e+00 2.237795521148823852e+00
3.464831674489796232e+00 2.001481971040741215e+00
3.536678571991836773e+00 1.796318039125191168e+00
3.608525469493877758e+00 1.635369520232696328e+00
3.680372366995918298e+00 1.519185117459091794e+00
3.752219264497959283e+00 1.445808408907438336e+00
3.824066161999999824e+00 1.412541725079382582e+00
