3.035681843999999963e-01 1.073328614000000014e+00 2.089463769999999887e-01
3.197771609000000237e-01 1.082156777000000014e+00 1.327580064999999976e-01
3.416261374999999822e-01 1.130244374000000107e+00 1.143493131000000024e-01
3.580864072000000120e-01 9.369142651999999849e-01 9.921971709000000639e-02
3.781945407000000259e-01 1.054755330000000102e+00 1.104846597000000014e-01
4.003293513999999775e-01 1.099986791999999935e+00 7.919958978999999677e-02
4.155482352000000046e-01 1.211343526999999920e+00 7.812061161000000142e-02
4.354858696000000196e-01 1.143608809000000059e+00 8.210656047000000624e-02
4.539314805999999924e-01 1.153161764000000034e+00 7.744850218000000341e-02
4.748898148999999846e-01 1.291854857999999995e+00 6.451695411999999741e-02
4.897217750999999786e-01 1.317995787000000085e+00 6.363887340000000392e-02
5.125573874000000085e-01 1.513107656999999939e+00 7.290829717999999793e-02
5.289281010999999921e-01 1.577434897000000058e+00 6.607597320999999968e-02
5.510365366999999681e-01 1.819306493000000025e+00 6.756620854000000564e-02
5.692473054000000143e-01 1.831283927000000089e+00 7.112366706000000649e-02
5.866296886999999849e-01 1.899738072999999972e+00 7.406005262999999783e-02
6.102959514000000363e-01 2.097572326999999959e+00 7.399793713999999745e-02
6.253284216000000173e-01 2.205545664000000183e+00 6.771165132999999725e-02
6.450885534000000421e-01 2.421359062000000062e+00 7.152531296000000371e-02
6.634368896000000237e-01 2.534162044999999974e+00 7.552264630999999673e-02
6.842744349999999587e-01 2.612342595999999961e+00 7.356841862000000620e-02
6.989156603999999717e-01 2.764468908000000003e+00 7.296658306999999344e-02
7.214676142000000514e-01 3.302694321000000155e+00 8.273813128000000183e-02
7.378771305000000336e-01 3.341938256999999801e+00 7.377354056000000326e-02
7.597958446000000476e-01 3.598974466000000039e+00 7.433490454999999719e-02
7.777703404000000376e-01 3.940096140000000080e+00 7.747077197000000470e-02
7.950317263999999717e-01 4.059785365999999840e+00 8.192320912999999372e-02
8.185585141000000231e-01 4.563663005999999633e+00 8.177977055000000550e-02
8.333641291000000173e-01 4.907617091999999737e+00 7.727489619999999837e-02
8.528916239999999593e-01 5.292731761999999840e+00 8.278326689999999932e-02
8.710913658000000170e-01 5.595685958999999876e+00 9.468837826999999818e-02
8.917495011999999610e-01 5.966045856000000036e+00 9.647979586999999579e-02
9.061599374000000040e-01 6.112782001000000243e+00 9.715377539000000229e-02
9.283668994999999535e-01 6.699487686000000330e+00 1.136822029999999956e-01
9.447659849999999748e-01 7.090584277999999685e+00 1.031837164999999945e-01
9.664337634999999871e-01 7.296666144999999659e+00 1.051562354000000060e-01
9.841236472000000068e-01 7.616076469000000237e+00 1.089130937999999993e-01
1.001215576999999968e+00 7.841861725000000227e+00 1.157997102000000028e-01
1.024535178999999907e+00 8.041762351999999225e+00 1.148471831999999943e-01
1.039074062999999937e+00 8.167751312000000041e+00 1.030132099999999939e-01
1.058315754000000108e+00 8.437041282999999225e+00 1.032942981000000010e-01
1.076314926000000005e+00 8.804502487000000599e+00 1.038638800000000056e-01
1.096734643000000009e+00 8.812254905999999721e+00 1.071005091000000048e-01
1.110876441000000048e+00 9.106945991999999990e+00 1.092572435999999980e-01
1.132679342999999950e+00 9.233039855999999546e+00 1.226250975999999965e-01
1.149017811000000000e+00 8.788799285999999711e+00 1.084327697999999951e-01
1.170374154999999972e+00 8.703669548000000589e+00 1.083956286000000019e-01
1.187731623999999986e+00 8.931017876000000300e+00 1.038335561999999962e-01
1.204605460000000017e+00 8.731252669999999938e+00 1.172624453999999983e-01
1.227650523000000105e+00 8.323265076000000207e+00 1.111817732000000003e-01
1.241884707999999948e+00 8.457831383000000258e+00 1.021981537000000023e-01
1.260787367999999908e+00 7.870615005000000330e+00 1.061492413000000024e-01
1.278535007999999973e+00 7.274323462999999990e+00 1.077985615000000008e-01
1.298658489999999999e+00 7.243220806000000067e+00 9.499392657999999878e-02
1.312494397000000035e+00 7.166176318999999850e+00 9.732139855999999423e-02
1.333835244000000086e+00 6.758268832999999809e+00 1.041235551000000009e-01
1.350062250999999991e+00 6.514306545000000170e+00 9.371898322999999698e-02
1.371047496999999948e+00 6.463258266000000418e+00 9.303993732000000183e-02
1.388026713999999995e+00 6.290626049000000108e+00 8.966768532999999652e-02
1.404633999000000077e+00 6.091124534999999618e+00 8.995073288999999583e-02
1.427337289000000009e+00 5.855286598000000176e+00 9.171894937999999775e-02
1.441229700999999919e+00 5.931436538999999897e+00 8.274221419999999716e-02
1.459742426999999898e+00 5.856133938000000150e+00 8.459646255000000115e-02
1.477187395000000070e+00 5.723790168999999928e+00 8.653353900000000654e-02
1.496956825000000046e+00 5.358070849999999830e+00 8.390329033000000492e-02
1.510451197999999939e+00 5.122600078999999695e+00 8.698087186000000304e-02
1.531273483999999963e+00 5.244051932999999721e+00 9.651953726999999705e-02
1.547337890000000105e+00 4.814728737000000258e+00 8.455377072000000438e-02
1.567893624000000097e+00 4.523919582000000439e+00 8.225671947000000317e-02
1.584450125999999903e+00 4.419011592999999571e+00 7.878537475999999873e-02
1.600743054999999915e+00 4.217573642999999706e+00 8.683517574999999322e-02
1.623038173000000084e+00 3.782426356999999850e+00 8.201788365999999886e-02
1.636552929999999906e+00 3.682268858000000034e+00 7.448435574999999476e-02
1.654625177000000003e+00 3.481037140000000196e+00 7.756401597999999786e-02
1.671037196999999974e+00 3.491610049999999799e+00 8.355039358000000693e-02
1.691632508999999951e+00 3.184175252999999817e+00 8.491134643999999343e-02
1.704751372000000043e+00 3.102535008999999899e+00 8.946065605000000365e-02
1.722094774000000106e+00 3.304897785000000088e+00 9.856051952000000060e-02
1.742513417999999925e+00 3.199909209999999948e+00 9.480980783999999606e-02
1.766257047999999941e+00 3.087306498999999871e+00 9.086710959999999559e-02
1.781403421999999903e+00 3.126200675999999845e+00 9.952875227000000657e-02
1.803595185000000045e+00 3.042024612000000072e+00 9.836170821999999647e-02
1.827791691000000052e+00 2.985376120000000189e+00 9.098464251000000502e-02
1.843953847999999951e+00 3.039338589000000201e+00 9.175147116000000047e-02
1.867375255000000012e+00 3.105533122999999840e+00 8.292192220999999863e-02
1.889666199999999963e+00 2.963194847000000021e+00 8.500751853000000635e-02
1.905246854000000045e+00 2.836503266999999884e+00 9.044487773999999869e-02
1.927540063999999997e+00 3.001196860999999938e+00 9.295024723000000488e-02
1.950710535000000023e+00 2.960350036999999990e+00 9.363839775000000476e-02
1.966131926000000085e+00 3.083083391000000173e+00 9.566055983000000540e-02
1.988210797000000030e+00 2.960031748000000018e+00 9.543064236999999894e-02
2.011165856999999946e+00 2.916101217000000023e+00 1.004334389999999994e-01
2.026424646000000163e+00 2.743859291000000145e+00 1.123655363999999934e-01
2.048282384999999817e+00 3.203146219000000183e+00 1.291435807999999907e-01
2.071015596000000070e+00 2.812370538999999781e+00 1.535997838000000004e-01
2.086106061999999817e+00 3.037367104999999956e+00 1.502093076999999888e-01
2.107736349000000065e+00 3.108316897999999995e+00 1.157530024999999935e-01
2.130239963999999819e+00 3.076053857999999863e+00 9.571904689000000632e-02
2.145158529000000147e+00 3.037614345999999799e+00 9.629485010999999650e-02
2.166554688999999811e+00 3.056900740000000116e+00 9.734746814000000414e-02
2.188821792999999793e+00 2.996315241000000018e+00 9.679212420999999678e-02
2.203564167000000129e+00 3.194191694000000137e+00 1.003518998999999995e-01
2.224719762999999961e+00 3.044249773000000214e+00 9.994705020999999912e-02
2.246743916999999868e+00 3.013361453999999995e+00 8.833313733000000556e-02
2.261305570999999848e+00 3.046744584999999894e+00 9.025133401000000333e-02
2.282214402999999781e+00 2.979863166999999979e+00 8.776201308000000645e-02
2.303988218000000199e+00 2.957429408999999954e+00 8.319924027000000222e-02
2.318365097000000041e+00 3.085516929999999824e+00 8.313322811999999951e-02
2.339020490999999868e+00 3.023572682999999817e+00 8.377931266999999460e-02
2.360537766999999842e+00 2.936698913999999938e+00 7.579661906000000060e-02
2.374725102999999837e+00 3.054533242999999842e+00 7.373031229000000242e-02
2.395121574000000031e+00 2.976150751000000039e+00 7.955677061999999466e-02
2.416374445000000204e+00 3.099196434000000000e+00 9.426451473999999942e-02
2.430369376999999886e+00 3.125429630000000181e+00 1.054994389000000060e-01
2.450500487999999866e+00 3.104422092000000077e+00 1.100623086000000056e-01
2.471483231000000114e+00 3.212988376999999840e+00 1.116672531000000024e-01
2.485281228999999925e+00 3.290492057999999886e+00 1.102926209999999935e-01
2.505140781000000150e+00 3.268692731999999879e+00 1.067411676000000059e-01
2.525846003999999922e+00 3.076418877000000052e+00 1.110254601000000008e-01
2.539443730999999982e+00 3.252329110999999884e+00 1.136550605000000019e-01
2.559025287999999954e+00 2.975303411000000064e+00 1.113322228000000053e-01
2.579447030999999946e+00 2.885909080999999876e+00 9.326615185000000641e-02
2.592840194999999959e+00 2.939213037000000028e+00 1.018728240999999951e-01
2.612138032999999915e+00 3.099138737000000088e+00 1.008689106000000002e-01
2.632270097999999781e+00 3.170532464999999966e+00 9.843490272999999569e-02
2.645455121999999992e+00 3.157034396999999881e+00 9.994439781000000189e-02
2.664463519999999974e+00 3.066934347000000116e+00 1.005494370999999998e-01
2.684299230999999786e+00 3.213720083000000116e+00 1.101745367000000059e-01
2.697272300999999928e+00 3.464243889000000021e+00 1.221161409999999975e-01
2.715985775000000046e+00 3.571398020000000173e+00 1.243301331999999981e-01
2.735518694000000028e+00 3.338451146999999786e+00 1.160702183999999942e-01
2.748275995000000194e+00 3.199059962999999840e+00 1.220702156000000038e-01
2.766688824000000047e+00 3.272358893999999907e+00 1.254402846000000071e-01
2.785912752000000214e+00 3.529768229000000090e+00 1.465480775000000124e-01
2.798451184999999786e+00 3.148700713999999845e+00 1.635259538999999929e-01
2.816557646000000137e+00 2.618258715000000070e+00 1.657304018999999906e-01
2.835466862000000088e+00 3.306386708999999868e+00 1.495611518999999945e-01
2.847782612000000046e+00 3.392200231999999982e+00 1.497678459000000017e-01
2.865577221000000119e+00 3.079466104999999843e+00 1.520861088999999888e-01
2.884165764000000021e+00 3.065301418000000222e+00 1.500654965999999868e-01
2.896255492999999959e+00 3.103904723999999948e+00 1.548750400999999999e-01
2.913733006000000181e+00 2.828859806000000088e+00 1.479761152999999885e-01
2.931994200000000106e+00 2.982899665999999783e+00 9.677620232000000433e-02
2.943854570000000059e+00 3.142117499999999897e+00 1.016652881999999952e-01
3.162804364999999951e+00 2.684707402999999992e+00 8.065524696999999688e-02
3.172968864000000000e+00 2.630600691000000158e+00 7.394357770999999968e-02
3.189197539999999886e+00 2.776265143999999907e+00 7.227010279999999953e-02
3.205250502000000168e+00 2.661691188999999902e+00 7.137563824999999806e-02
3.215184212000000041e+00 2.677589177999999848e+00 6.879747659000000348e-02
3.231039761999999982e+00 2.675148963999999907e+00 7.224018872000000091e-02
3.246718645000000070e+00 2.489777564999999804e+00 7.543170452000000359e-02
3.256418467000000039e+00 2.460087060999999853e+00 7.276692985999999586e-02
3.271896123999999961e+00 2.481671572000000214e+00 7.637581228999999750e-02
3.287195683000000201e+00 2.546489715999999959e+00 7.750968634999999551e-02
3.296658278000000220e+00 2.534215211999999884e+00 7.442367077000000553e-02
3.311753511000000039e+00 2.312899589999999783e+00 7.907146959999999947e-02
3.326669692999999928e+00 2.190044641000000070e+00 8.058071881999999408e-02
3.335891961999999822e+00 2.143061637999999824e+00 8.105338365000000489e-02
3.350600003999999910e+00 2.344478368999999951e+00 9.889987110999999553e-02
3.365128278999999889e+00 2.151331901999999907e+00 1.232911869999999965e-01
3.374108076000000178e+00 2.029175282000000191e+00 1.349415629999999866e-01
3.388423680999999910e+00 2.210419654999999928e+00 1.463219225000000068e-01
3.561810732000000090e+00 1.577226162000000098e+00 7.607530057000000401e-02
3.573920965000000116e+00 1.460426210999999919e+00 6.857869028999999395e-02
3.581389188999999806e+00 1.455358028000000026e+00 6.462829559999999640e-02
3.593267679000000214e+00 1.490552783000000048e+00 6.326591969000000537e-02
3.604960918000000181e+00 1.484822153999999950e+00 6.381836534000000227e-02
3.612168789000000046e+00 1.519628167000000030e+00 6.103889643999999698e-02
3.623627423999999930e+00 1.595053076999999986e+00 6.493509560999999319e-02
3.634901047000000052e+00 1.316219806999999964e+00 6.428308785000000358e-02
3.641846179999999933e+00 1.366204739000000057e+00 6.214234604999999828e-02
3.652881384000000065e+00 1.394097208999999893e+00 6.555279344000000674e-02
3.663731337000000199e+00 1.449054599000000110e+00 6.636158376999999609e-02
3.670411586999999809e+00 1.648154259000000010e+00 6.361506134000000090e-02
3.681020498000000085e+00 1.504107356000000006e+00 6.707789748999999635e-02
3.691443205000000116e+00 1.409114838000000036e+00 7.093443721999999341e-02
3.697857141000000070e+00 1.326473355000000076e+00 7.090532034999999511e-02
3.708035468999999917e+00 1.410302042999999950e+00 7.520022987999999686e-02
3.718028545000000129e+00 1.313493012999999987e+00 7.416680455000000671e-02
3.724174022999999778e+00 1.517625809000000103e+00 6.909360737000000419e-02
3.733919381999999842e+00 1.468148111999999950e+00 7.436376064999999924e-02
3.743479252000000201e+00 1.385721087000000074e+00 7.437571138000000082e-02
3.749353646999999956e+00 1.429082870000000005e+00 7.051082699999999814e-02
3.758663416000000090e+00 1.241684436999999974e+00 7.814738154000000492e-02
3.767787218000000049e+00 1.240373135000000016e+00 7.412156462999999751e-02
3.773389338999999953e+00 1.204782604999999895e+00 6.976705045000000660e-02
3.781809330000000191e+00 1.306903600999999915e+00 7.436694204999999558e-02
3.790871382000000178e+00 1.149436235000000028e+00 8.777929841999999871e-02
3.796377897000000168e+00 1.100575685999999997e+00 8.836639673000000472e-02
3.804138184000000145e+00 1.229291319999999965e+00 1.033092067000000031e-01
3.812998771999999814e+00 1.003772378000000076e+00 1.351418644000000058e-01
3.818073988000000085e+00 1.160933495000000093e+00 1.349407284999999956e-01
3.824066161999999824e+00 1.505118608000000080e+00 1.313676685000000066e-01
