3.036941588000000025e-01 1.537446916384327844e+00
3.755363688244898190e-01 1.623934352643877643e+00
4.473785788489795801e-01 1.763203611935227899e+00
5.192207888734693411e-01 1.981561176004951852e+00
5.910629988979592131e-01 2.314849954325420178e+00
6.629052089224489741e-01 2.806303448449166016e+00
7.347474189469387351e-01 3.494656882070293236e+00
8.065896289714284961e-01 4.383414314604579864e+00
8.784318389959182571e-01 5.395903629422158509e+00
9.502740490204080182e-01 6.360771057759278868e+00
1.022116259044897779e+00 7.074446652453072026e+00
1.093958469069387762e+00 7.409395789084036288e+00
1.165800679093877523e+00 7.364561029840004380e+00
1.237642889118367284e+00 7.008740057251271693e+00
1.309485099142857045e+00 6.444672681732272146e+00
1.381327309167346806e+00 5.791394688758085607e+00
1.453169519191836567e+00 5.138664109085925524e+00
1.525011729216326328e+00 4.535881029976662759e+00
1.596853939240816089e+00 4.007789829563994211e+00
1.668696149265305850e+00 3.569826144851922844e+00
1.740538359289795611e+00 3.232535393898710918e+00
1.812380569314285594e+00 2.995238675867671674e+00
1.884222779338775355e+00 2.845380082243316622e+00
1.956064989363265116e+00 2.767891734973898732e+00
2.027907199387755099e+00 2.748163955184492746e+00
2.099749409412244638e+00 2.768006010242581194e+00
2.171591619436734621e+00 2.806046576242194668e+00
2.243433829461224160e+00 2.844429269165731800e+00
2.315276039485714143e+00 2.874548513229721269e+00
2.387118249510203682e+00 2.897990313663870054e+00
2.458960459534693666e+00 2.922186148223447244e+00
2.530802669559183204e+00 2.951410528854329307e+00
2.602644879583673188e+00 2.981468510714451625e+00
2.674487089608163171e+00 3.008810990041305811e+00
2.746329299632652710e+00 3.039637006672806230e+00
2.818171509657142693e+00 3.076172295784755484e+00
2.890013719681632232e+00 3.102045793580135769e+00
2.961855929706122215e+00 3.090182824327805555e+00
3.033698139730611754e+00 3.023190705098685704e+00
3.105540349755101737e+00 2.900686099904909110e+00
3.177382559779591276e+00 2.731841084535484132e+00
3.249224769804081259e+00 2.532531154863579825e+00
3.321066979828571242e+00 2.323471532880375889e+00
3.392909189853060781e+00 2.120968932985349387e+00
3.464751399877550764e+00 1.935979196331544694e+00
3.536593609902040303e+00 1.775763734720830822e+00
3.608435819926530286e+00 1.644047859879267603e+00
3.680278029951019825e+00 1.541010750789710171e+00
3.752120239975509808e+00 1.466384433116568520e+00
3.823962449999999791e+00 1.418739075369097824e+00
