3.036941588000000025e-01 7.527762650999999527e-01 2.139920741000000126e-01
3.198638557999999854e-01 1.011189222000000054e+00 1.355318873999999951e-01
3.379185200000000000e-01 1.119680761999999996e+00 1.159619912999999974e-01
3.527482747999999835e-01 1.420822977999999903e+00 1.342371254999999985e-01
3.733452856999999736e-01 1.521107554000000084e+00 1.284714936999999946e-01
3.900408745000000232e-01 1.397846699000000026e+00 9.368558227999999877e-02
4.078820049999999919e-01 1.324688196000000096e+00 8.610069752000000520e-02
4.230235815000000232e-01 1.392494440000000111e+00 1.001570672000000051e-01
4.427212775000000100e-01 1.424279928000000028e+00 9.811243414999999690e-02
4.591110647000000156e-01 1.539312481999999926e+00 7.642320544000000271e-02
4.779944717999999870e-01 1.804083705000000037e+00 6.881961225999999598e-02
4.930467606000000225e-01 1.869090198999999952e+00 7.544800639000000253e-02
5.127038360000000239e-01 1.967039584999999979e+00 7.456962763999999688e-02
5.291169881999999713e-01 1.984476923999999975e+00 6.985158472999999923e-02
5.479583740000000258e-01 1.972125173000000009e+00 7.156027108000000136e-02
5.629174708999999943e-01 2.143857718000000023e+00 8.119551836999999717e-02
5.825278758999999917e-01 2.221202374000000201e+00 8.380033821000000549e-02
5.989592671000000257e-01 2.289554358000000178e+00 7.418730854999999735e-02
6.177526711999999920e-01 2.570573567999999920e+00 7.366333157000000409e-02
6.326140165000000426e-01 2.778647660999999935e+00 8.392675966000000265e-02
6.521713733999999763e-01 2.912870407000000217e+00 8.462534844999999861e-02
6.686155795999999540e-01 2.836454629999999977e+00 7.579323648999999885e-02
6.873552799000000046e-01 2.997838497000000046e+00 7.663489132999999620e-02
7.021144031999999591e-01 3.127168893999999977e+00 8.640246092999999405e-02
7.216126918999999917e-01 3.280454874000000132e+00 8.644802123000000504e-02
7.380643487000000391e-01 3.554149865999999935e+00 7.644882797999999480e-02
7.567445635999999753e-01 3.834210156999999786e+00 7.633983344000000448e-02
7.713972329999999600e-01 4.257497787000000145e+00 8.615538477999999667e-02
7.908308506000000238e-01 4.392843245999999979e+00 8.816079050000000250e-02
8.072842956000000347e-01 4.393398762000000346e+00 7.827544957000000247e-02
8.258989452999999648e-01 4.724559306999999819e+00 7.926320285000000576e-02
8.404413461999999946e-01 5.135496139999999876e+00 9.168841689999999989e-02
8.598036766000000108e-01 5.360334395999999835e+00 9.279432893000000293e-02
8.762537241000000199e-01 5.492302418000000408e+00 9.439992904999999768e-02
8.947971462999999570e-01 5.665813445999999587e+00 1.000064387999999999e-01
9.092250466000000308e-01 5.904063224999999804e+00 1.013901903999999965e-01
9.285105466999999946e-01 6.015454292000000258e+00 1.019573062999999946e-01
9.449514151000000250e-01 6.035989760999999731e+00 9.901559353000000119e-02
9.634178877000000307e-01 6.348470687999999917e+00 9.566629678000000692e-02
9.777272940000000245e-01 6.613753318999999742e+00 1.069908142000000062e-01
9.969298840000000439e-01 6.811236381999999701e+00 1.159660517999999974e-01
1.013355731999999954e+00 6.886822700999999824e+00 1.015850008000000054e-01
1.031739712000000031e+00 6.961837768999999732e+00 1.006217076999999932e-01
1.045926571000000083e+00 7.385476112000000093e+00 1.085775793000000045e-01
1.065040111999999928e+00 7.429049969000000253e+00 1.016817316000000054e-01
1.081445932000000054e+00 7.208251953000000434e+00 9.320321679000000137e-02
1.099741220000000075e+00 7.552772045000000212e+00 9.996657819000000222e-02
1.113802074999999947e+00 7.770007610000000398e+00 1.162990331999999988e-01
1.132820963999999986e+00 7.649649619999999928e+00 1.140629575000000062e-01
1.149200438999999907e+00 7.497375488000000310e+00 1.018552258999999988e-01
1.167402029000000008e+00 7.403730391999999938e+00 1.018045171999999998e-01
1.181332468999999996e+00 7.496656417999999711e+00 1.154981181000000051e-01
1.200250505999999939e+00 7.565974712000000046e+00 1.159234568000000049e-01
1.216598630000000014e+00 7.139155865000000212e+00 1.061286478999999977e-01
1.234700203000000052e+00 6.970469952000000191e+00 1.064318493000000060e-01
1.248497248000000059e+00 7.193233013000000398e+00 1.129191219999999968e-01
1.267308711999999948e+00 7.091297626000000243e+00 1.115869134999999956e-01
1.283619403999999964e+00 6.510697841999999902e+00 9.854077547999999520e-02
1.301615715000000062e+00 6.461467265999999654e+00 9.224481881000000383e-02
1.315275310999999947e+00 6.430279731999999804e+00 1.000585853999999969e-01
1.333974122999999956e+00 6.087416172000000181e+00 1.026166825999999949e-01
1.350241661000000093e+00 5.794815540000000098e+00 9.085440636000000070e-02
1.368127227000000001e+00 5.698559283999999892e+00 8.926773815999999862e-02
1.381645798999999952e+00 5.795437813000000382e+00 9.911230206000000431e-02
1.400226592999999964e+00 5.639978409000000248e+00 9.610440582000000231e-02
1.416445136000000105e+00 5.383297920000000403e+00 8.470816165000000231e-02
1.434214233999999921e+00 5.268001555999999752e+00 8.574341237999999477e-02
1.447588563000000050e+00 5.390188693999999892e+00 9.504888206999999312e-02
1.466045260000000017e+00 5.286466598999999711e+00 9.141881763999999688e-02
1.482209206000000057e+00 5.022308825999999726e+00 8.116045594000000085e-02
1.499856709999999982e+00 5.097849845999999907e+00 8.368064462999999509e-02
1.513082862000000084e+00 5.065797328999999571e+00 9.739407897000000591e-02
1.531410216999999907e+00 4.690425396000000191e+00 9.571965783999999977e-02
1.547513603999999932e+00 4.410623550000000392e+00 8.466276525999999469e-02
1.565033436000000000e+00 4.299738407000000429e+00 8.388085663000000025e-02
1.578108787999999985e+00 4.413305282999999690e+00 9.138693659999999608e-02
1.596300363999999972e+00 4.269665241000000222e+00 9.061726927999999570e-02
1.612337708000000092e+00 3.778166294000000036e+00 8.268744497999999665e-02
1.629724740999999977e+00 3.620930672000000072e+00 8.107547462000000427e-02
1.642645477999999937e+00 3.799769163000000116e+00 8.630809188000000687e-02
1.660696626000000009e+00 3.848504305000000070e+00 8.683915436000000376e-02
1.674706935999999979e+00 3.511015653999999930e+00 8.530615269999999861e-02
1.693619251000000103e+00 3.345249890999999920e+00 9.109558909999999898e-02
1.706708907999999969e+00 3.439037084999999827e+00 9.546708315999999361e-02
1.725352645000000074e+00 3.170531988000000023e+00 9.612121432999999604e-02
1.751711964999999926e+00 3.074816226999999902e+00 1.080397144000000004e-01
1.766167401999999997e+00 3.072093487000000067e+00 9.421587735000000463e-02
1.781455516999999933e+00 3.130625486000000013e+00 1.023829653999999978e-01
1.803855181000000085e+00 3.399304627999999884e+00 1.010155082000000065e-01
1.828058361999999937e+00 3.014174699999999874e+00 9.428574889999999376e-02
1.844264268999999956e+00 3.267580747999999868e+00 9.483649582000000522e-02
1.864248157000000017e+00 3.249428988000000018e+00 8.598312735999999457e-02
1.880947589999999892e+00 3.078655958000000137e+00 7.914047688000000469e-02
1.899272799000000012e+00 3.157627821000000168e+00 8.931717276999999455e-02
1.916461586999999911e+00 3.343195914999999907e+00 9.683633596000000565e-02
1.935332894000000081e+00 3.160771131999999817e+00 1.026742905000000011e-01
1.950765848000000080e+00 2.875613212999999835e+00 9.624227880999999818e-02
1.966215253000000107e+00 2.852645873999999804e+00 9.829148649999999710e-02
1.985645294000000005e+00 3.102129221000000214e+00 9.812989085999999916e-02
2.001594782000000183e+00 3.083640336999999843e+00 9.109418838999999712e-02
2.020576954000000036e+00 3.137216330000000220e+00 1.009635702000000052e-01
2.037421226999999835e+00 3.384963989000000062e+00 1.327546537000000026e-01
2.055932521999999985e+00 3.598973750999999943e+00 1.484512389000000043e-01
2.071069716999999866e+00 3.362954854999999910e+00 1.536779702000000136e-01
2.086187363000000072e+00 3.016448736000000075e+00 1.505207567999999885e-01
2.105223178999999778e+00 2.850008964999999783e+00 1.174762919999999961e-01
2.120875835000000098e+00 2.951478719999999889e+00 9.464875608999999412e-02
2.139444350999999855e+00 3.229470968000000219e+00 9.193416684999999866e-02
2.155923604999999910e+00 3.210902452000000018e+00 9.401547164000000067e-02
2.174052953999999982e+00 2.989184617999999904e+00 1.026480421000000032e-01
2.188875437000000090e+00 3.143357276999999783e+00 9.749424458000000016e-02
2.203643560000000168e+00 3.043882608000000101e+00 1.008468418999999977e-01
2.222261905999999954e+00 3.005474806000000054e+00 1.004945560999999932e-01
2.237597704000000132e+00 2.955016375000000028e+00 8.868739008999999840e-02
2.255730391000000168e+00 2.964045286000000168e+00 8.476754277999999643e-02
2.271826744000000176e+00 2.963699340999999876e+00 8.707373589000000358e-02
2.289550304000000036e+00 2.959168195999999806e+00 9.137848765000000650e-02
2.304040194000000152e+00 2.870204925999999990e+00 8.330272883000000572e-02
2.318442822000000181e+00 2.928776741000000072e+00 8.332055806999999481e-02
2.336621284000000021e+00 2.897442818000000031e+00 8.425872028000000458e-02
2.351620196999999912e+00 2.872905015999999812e+00 7.727537303999999774e-02
2.369296311999999904e+00 2.890824317999999948e+00 7.182148843999999754e-02
2.384988785000000000e+00 2.899967193999999804e+00 7.773133366999999960e-02
2.402286053000000088e+00 2.796863794000000070e+00 8.217884599999999984e-02
2.416424989999999884e+00 2.928822516999999959e+00 9.410368651000000639e-02
2.430445671000000196e+00 2.889519930000000070e+00 1.053969114999999956e-01
2.448162316999999977e+00 3.048726797000000044e+00 1.095431075000000004e-01
2.462804316999999799e+00 3.173794746000000000e+00 1.057196930000000035e-01
2.480003834000000129e+00 3.092396497999999827e+00 1.050390080000000032e-01
2.495275497000000176e+00 2.914640187999999910e+00 9.536371379999999953e-02
2.512124299999999977e+00 3.145050764000000054e+00 1.164959519999999998e-01
2.525894880000000065e+00 3.180943489000000124e+00 1.119233146000000040e-01
2.539517163999999827e+00 2.959793805999999972e+00 1.149301082000000057e-01
2.556751251000000114e+00 2.982019662999999987e+00 1.117763444999999994e-01
2.571017503999999843e+00 3.073904752999999879e+00 9.428516774999999572e-02
2.587720394000000201e+00 3.023877144000000072e+00 9.500935673999999498e-02
2.602553128999999910e+00 3.041347742000000132e+00 9.937205166000000200e-02
2.618932962000000142e+00 3.159186839999999830e+00 1.076488047999999975e-01
2.632317780999999801e+00 3.064072370999999961e+00 9.914419054999999703e-02
2.645526648000000147e+00 3.156768083999999863e+00 1.001835987000000011e-01
2.662256478999999842e+00 3.149848222999999781e+00 1.007441357000000010e-01
2.676128149000000178e+00 3.095505714000000186e+00 9.360157698000000359e-02
2.692315816999999889e+00 2.979624032999999894e+00 1.142611206000000018e-01
2.706691979999999997e+00 3.224542855999999791e+00 1.283758134000000106e-01
2.722581862999999824e+00 2.983193158999999817e+00 1.278866082000000015e-01
2.735565186000000093e+00 3.025746821999999892e+00 1.164041086999999947e-01
2.748345374999999979e+00 3.175353288999999801e+00 1.220350340000000006e-01
2.764551400999999853e+00 3.242783546000000072e+00 1.254141480000000031e-01
2.778009892000000036e+00 3.164379119999999990e+00 1.186563000000000062e-01
2.793663501999999799e+00 2.654141188000000096e+00 1.528827399000000087e-01
2.807566165999999974e+00 2.675859689999999791e+00 1.690146029000000050e-01
2.822947501999999886e+00 3.015366553999999866e+00 1.703364401999999944e-01
2.835511445999999935e+00 2.985948801000000152e+00 1.484886854999999950e-01
2.847849845999999907e+00 3.048026323000000204e+00 1.489088087999999865e-01
2.863511801000000023e+00 2.928987264999999951e+00 1.505584121000000108e-01
2.876539945999999848e+00 2.547985315000000028e+00 1.378570943999999909e-01
2.891641378000000095e+00 2.888915776999999796e+00 1.395836622000000138e-01
2.905055046000000196e+00 2.795640468999999850e+00 1.691637188000000014e-01
2.919907808000000049e+00 2.600149154999999990e+00 1.328472346000000026e-01
2.932037830000000067e+00 2.753967524000000111e+00 9.527999907999999685e-02
2.943919659000000077e+00 2.899127483000000005e+00 9.968995303000000030e-02
3.162862538999999806e+00 2.381777763000000103e+00 7.886138557999999854e-02
3.172951220999999933e+00 2.180160998999999933e+00 7.244195043999999972e-02
3.189236403000000220e+00 2.385931015000000155e+00 7.141062617000000501e-02
3.205307483999999985e+00 2.472358942000000059e+00 7.030970603000000207e-02
3.215167045999999917e+00 2.510208607000000036e+00 6.790239364000000277e-02
3.231077670999999985e+00 2.576163291999999938e+00 7.132561504999999913e-02
3.246774434999999848e+00 2.393148421999999886e+00 7.424263656000000544e-02
3.256401539000000067e+00 2.226891993999999819e+00 7.162363082000000603e-02
3.271932363999999982e+00 2.217230557999999796e+00 7.546111195999999355e-02
3.287250279999999858e+00 2.097727299000000212e+00 7.712495327000000456e-02
3.296641827000000191e+00 2.042870998000000160e+00 7.387819141000000200e-02
3.311789035999999964e+00 2.214943170999999822e+00 7.802876829999999542e-02
3.326722622000000129e+00 2.213233231999999884e+00 7.948991655999999850e-02
3.335875988000000181e+00 2.206015348000000209e+00 8.040487765999999870e-02
3.350634813000000101e+00 2.087059497999999902e+00 9.803077578999999653e-02
3.365179776999999817e+00 1.861110330000000035e+00 1.227749065000000028e-01
3.374092339999999801e+00 1.751044272999999984e+00 1.350186318000000107e-01
3.388458013999999796e+00 1.946425915000000062e+00 1.465193629000000053e-01
3.561839341999999853e+00 1.392428516999999921e+00 7.684196531999999691e-02
3.573964119000000217e+00 1.415868640000000012e+00 6.936013699000000143e-02
3.581375836999999951e+00 1.404227734000000005e+00 6.515316664999999674e-02
3.593295573999999881e+00 1.242835522000000026e+00 6.434571743000000454e-02
3.605002402999999855e+00 1.484646915999999983e+00 6.488008796999999994e-02
3.612156152999999925e+00 1.507824421000000026e+00 6.200568004999999772e-02
3.623654365999999794e+00 1.493349432999999893e+00 6.610489636999999918e-02
3.634941100999999897e+00 1.571502328000000004e+00 6.497775762999999372e-02
3.641834258999999907e+00 1.516217351000000102e+00 6.287269294000000230e-02
3.652907610000000194e+00 1.388871669999999892e+00 6.637018174000000603e-02
3.663769722000000062e+00 1.344782233000000105e+00 6.711944192999999559e-02
3.670400143000000170e+00 1.395742296999999965e+00 6.447492539999999384e-02
3.681045532000000176e+00 1.494418025000000094e+00 6.799800693999999424e-02
3.691480397999999941e+00 1.326208234000000097e+00 7.183469086999999531e-02
3.697846173999999930e+00 1.389855384999999943e+00 7.154092938000000679e-02
3.708059549000000121e+00 1.266108631999999901e+00 7.614728808000000015e-02
3.718064070000000054e+00 1.400659679999999963e+00 7.498939335000000261e-02
3.724162816999999848e+00 1.484423757000000066e+00 7.047001272000000260e-02
3.733942746999999951e+00 1.448062061999999983e+00 7.576117664999999779e-02
3.743513107000000062e+00 1.290583134000000021e+00 7.526371628000000369e-02
3.749343157000000204e+00 1.255756735999999929e+00 7.139071077000000431e-02
3.758685589000000160e+00 1.252812743000000006e+00 7.893155514999999900e-02
3.767819405000000010e+00 1.148606180999999893e+00 7.507328688999999333e-02
3.773379326000000145e+00 1.122517943000000074e+00 7.054546474999999484e-02
3.781809330000000191e+00 1.325295686999999889e+00 7.580906898000000504e-02
3.790857077000000075e+00 1.294011950000000022e+00 8.932790905000000115e-02
3.796336173999999897e+00 1.383778452999999908e+00 8.913578093000000535e-02
3.804083585999999961e+00 1.380297184000000010e+00 1.033239663000000003e-01
3.812865256999999897e+00 1.096402048999999934e+00 1.344186216999999905e-01
3.817942142000000150e+00 1.015007256999999941e+00 1.351569891000000134e-01
3.823962449999999791e+00 1.016845942000000003e+00 1.330406963999999914e-01
