3.059174715999999905e-01 3.529621124000000165e+00 3.438673317000000007e-01
3.197337984999999994e-01 3.974709987999999861e+00 2.675025462999999770e-01
3.414322436000000183e-01 3.625532865999999910e+00 2.396011949000000085e-01
3.601027428999999946e-01 3.966874837999999848e+00 2.295804620000000129e-01
3.781073093000000274e-01 4.298018931999999737e+00 2.419197707999999891e-01
4.016479552000000175e-01 4.027517319000000207e+00 1.912671179000000055e-01
4.181842505999999737e-01 4.210706711000000269e+00 1.822418719999999992e-01
4.438386261000000221e-01 4.425011634999999721e+00 1.973935663999999979e-01
4.586057365000000274e-01 4.477029800000000392e+00 1.728418320000000008e-01
4.808588921999999988e-01 4.668033122999999840e+00 1.588530988000000088e-01
4.992982148999999814e-01 4.640653610000000207e+00 1.477317958999999903e-01
5.182421803000000216e-01 4.627611159999999835e+00 1.784569621000000050e-01
5.417508482999999764e-01 4.595359801999999938e+00 1.648117900000000136e-01
5.581917167000000068e-01 4.838091373000000139e+00 1.591191738999999938e-01
5.836765766000000522e-01 4.654753685000000196e+00 1.811551154000000108e-01
5.984566211999999830e-01 4.192089558000000160e+00 1.678497642000000012e-01
6.206030249999999748e-01 4.681597710000000134e+00 1.672544032000000125e-01
6.388620734000000079e-01 4.711888789999999716e+00 1.545062959000000069e-01
6.578033565999999999e-01 4.529158115000000429e+00 1.826010792999999965e-01
6.811814903999999782e-01 4.986071110000000139e+00 1.638052315000000092e-01
6.975064873999999859e-01 4.851850985999999644e+00 1.559926419999999869e-01
7.227917313999999704e-01 4.872612952999999969e+00 1.694441735999999976e-01
7.375648021999999804e-01 4.704560279999999928e+00 1.573713421999999862e-01
7.595774531000000218e-01 4.786675930000000356e+00 1.551167368999999963e-01
7.776344418999999730e-01 4.752259254000000155e+00 1.445668042000000098e-01
7.965480685000000394e-01 4.661972045999999814e+00 1.686555593999999880e-01
8.197665811000000025e-01 4.877336024999999964e+00 1.506366580999999871e-01
8.359565139000000311e-01 4.802623749000000331e+00 1.466247588000000046e-01
8.610108494999999529e-01 4.995127678000000238e+00 1.608585864000000032e-01
8.757576346000000012e-01 4.968316555000000356e+00 1.703100651999999993e-01
8.976089954000000537e-01 4.987124920000000294e+00 1.696721464000000013e-01
9.154430627999999848e-01 5.267707348000000067e+00 1.536612809000000024e-01
9.343048334000000343e-01 5.129635810999999990e+00 1.921020001000000033e-01
9.573346971999999733e-01 4.957127093999999623e+00 1.690223812999999964e-01
9.733693599999999613e-01 5.003409386000000403e+00 1.609843968999999930e-01
9.981627464000000227e-01 5.103762149999999664e+00 1.833519041999999988e-01
1.012863754999999921e+00 4.952566146999999752e+00 1.690277903999999887e-01
1.034527063000000080e+00 4.982994556000000408e+00 1.678013503999999934e-01
1.052117347999999897e+00 5.118294238999999912e+00 1.436557918999999961e-01
1.070901871000000005e+00 5.136455059000000212e+00 1.656638235000000015e-01
1.093715071999999955e+00 5.307605742999999876e+00 1.622736006999999925e-01
1.109574913999999968e+00 5.338481902999999917e+00 1.622291057999999953e-01
1.134077667999999983e+00 5.454799652000000165e+00 1.765219866999999943e-01
1.148713588999999979e+00 5.087067127000000077e+00 1.674861311999999991e-01
1.170161605000000105e+00 4.905365467000000201e+00 1.694149524000000129e-01
1.187487721000000107e+00 5.159554005000000387e+00 1.608418077000000057e-01
1.206169963000000012e+00 4.968645096000000372e+00 1.964597701999999946e-01
1.228737949999999968e+00 5.647115707000000207e+00 1.735736132000000043e-01
1.244404196999999934e+00 5.209468365000000212e+00 1.637801975000000021e-01
1.268586873999999920e+00 5.060203551999999938e+00 1.828269660000000074e-01
1.283137559999999899e+00 4.782240391000000201e+00 1.677783132000000010e-01
1.304344058000000084e+00 4.735156535999999861e+00 1.595736145999999966e-01
1.321386337000000077e+00 4.828531264999999628e+00 1.449539810000000095e-01
1.339941381999999903e+00 4.679380416999999959e+00 1.768727600999999983e-01
1.362236500000000072e+00 4.489201546000000320e+00 1.586516648999999890e-01
1.377690314999999943e+00 4.577397823000000088e+00 1.528230757000000051e-01
1.401523947999999908e+00 4.748376368999999819e+00 1.592247783999999888e-01
1.415969610000000101e+00 4.773316383000000052e+00 1.504193394999999989e-01
1.436907767999999974e+00 4.892232417999999861e+00 1.513860374999999869e-01
1.453647614000000088e+00 4.741988182000000052e+00 1.393730193000000117e-01
1.472050190000000036e+00 4.778091431000000000e+00 1.622305363000000056e-01
1.494044662000000079e+00 4.781430244000000052e+00 1.521995664000000137e-01
1.509266852999999964e+00 4.671138286999999778e+00 1.495985240000000105e-01
1.532723904000000026e+00 4.590903758999999695e+00 1.665547340999999903e-01
1.547044635000000001e+00 4.243374347999999685e+00 1.579319835000000116e-01
1.567688465000000031e+00 4.261668681999999819e+00 1.557988523999999930e-01
1.584107637000000013e+00 4.391861439000000367e+00 1.448460668000000062e-01
1.602331995999999981e+00 4.327110291000000331e+00 1.769445688000000072e-01
1.623999237999999901e+00 4.128724574999999675e+00 1.554952710999999987e-01
1.638971806000000031e+00 4.139630795000000418e+00 1.462205201000000010e-01
1.662024498000000072e+00 4.057835578999999804e+00 1.632606833999999951e-01
1.687639952000000054e+00 3.667418242000000106e+00 1.731462330000000105e-01
1.702839970999999952e+00 3.713968991999999858e+00 1.725617200000000018e-01
1.724774479999999999e+00 4.131382464999999726e+00 1.922819166999999996e-01
1.751711964999999926e+00 3.750573397000000142e+00 2.141003609000000085e-01
1.766077756999999915e+00 3.892776966000000005e+00 1.884698868000000138e-01
1.781403421999999903e+00 3.848080872999999791e+00 2.075409293000000099e-01
1.803803443999999923e+00 4.193657398000000036e+00 2.047822921999999934e-01
1.828013896999999943e+00 4.082116126999999928e+00 1.904784291999999934e-01
1.842370271999999920e+00 3.842420101000000088e+00 1.767079978999999967e-01
1.865776896000000074e+00 4.225653647999999762e+00 1.861267983999999875e-01
1.879199743000000034e+00 4.206917286000000367e+00 1.704380363000000120e-01
1.897701740000000026e+00 4.065198898000000227e+00 1.795673817000000005e-01
1.912092447000000028e+00 4.121994495000000036e+00 1.845389158000000085e-01
1.928793192000000101e+00 4.336137295000000336e+00 1.908612548999999992e-01
1.949656129000000071e+00 4.119764327999999587e+00 2.068904191000000004e-01
1.962404489999999946e+00 4.158685683999999938e+00 1.845371574000000126e-01
1.979471922000000106e+00 3.730579137999999961e+00 1.968593596999999862e-01
1.997234941000000097e+00 3.432223319999999855e+00 1.965470165000000047e-01
2.016265869000000155e+00 4.135039805999999984e+00 1.864277571000000078e-01
2.033128023000000173e+00 4.603999615000000212e+00 2.178332806000000121e-01
2.049521922999999912e+00 4.306468487000000067e+00 2.675630449999999994e-01
2.069995164999999915e+00 3.008673191000000191e+00 2.741476892999999970e-01
2.082464218000000145e+00 3.576076746000000028e+00 2.516049444999999829e-01
2.099175692000000204e+00 4.339143753000000103e+00 2.206108122999999865e-01
2.116596699000000026e+00 3.865171194000000199e+00 2.006596029000000114e-01
2.135250092000000155e+00 3.458234072000000214e+00 1.737293899000000030e-01
2.151712179000000003e+00 3.461264610000000186e+00 1.956170647999999901e-01
2.167778492000000057e+00 3.695754528000000150e+00 2.065684496999999897e-01
2.187837124000000077e+00 3.111134290999999941e+00 1.963552534999999932e-01
2.200012445000000039e+00 3.219996214000000023e+00 1.917653531000000078e-01
2.216347693999999979e+00 3.559036015999999858e+00 2.023544311999999901e-01
2.233405352000000121e+00 3.596798897000000217e+00 1.862417161000000099e-01
2.251657724000000194e+00 3.370549678999999799e+00 1.575922667999999915e-01
2.267701626000000026e+00 3.289200543999999837e+00 1.739547253000000016e-01
2.283420324000000168e+00 3.254449843999999814e+00 1.834076344999999997e-01
2.303038597000000021e+00 3.390572070999999799e+00 1.661340146999999989e-01
2.314906836000000023e+00 3.403154373000000010e+00 1.557654440000000029e-01
2.330847262999999892e+00 3.477934836999999835e+00 1.639039962999999933e-01
2.347519635999999910e+00 3.413484335000000147e+00 1.596630216000000102e-01
2.365348100999999925e+00 3.122464894999999796e+00 1.381248981000000042e-01
2.380956649999999897e+00 3.176791430000000194e+00 1.422445475999999931e-01
2.396308184000000008e+00 3.314579010000000103e+00 1.668306142000000047e-01
2.415460587000000103e+00 3.368508815999999850e+00 1.948922275999999953e-01
2.427008867000000070e+00 3.803010224999999966e+00 1.947761028999999977e-01
2.442535400000000134e+00 3.709510803000000134e+00 2.116118968000000045e-01
2.458801269999999928e+00 3.226347923000000062e+00 2.142271101000000066e-01
2.476183890999999804e+00 3.196188210999999946e+00 1.904637218000000132e-01
2.491341113999999912e+00 3.109453917000000178e+00 2.170189768000000130e-01
2.506305218000000057e+00 2.899513005999999837e+00 2.231672554999999947e-01
2.524968385999999843e+00 3.221780777000000207e+00 2.022586762999999954e-01
2.536183595999999874e+00 3.056080103000000214e+00 2.047369032999999949e-01
2.551278352999999832e+00 2.762637376999999894e+00 2.147598266999999894e-01
2.567116498999999941e+00 2.932560205000000142e+00 1.854807435999999976e-01
2.584031819999999868e+00 3.013645171999999928e+00 1.543207765000000065e-01
2.598721503999999793e+00 3.299549818000000023e+00 1.799415201000000020e-01
2.613280057999999961e+00 3.001771687999999827e+00 1.848118156000000123e-01
2.631429434000000178e+00 3.196390389999999915e+00 1.828539371000000024e-01
2.642298697999999835e+00 3.277081250999999806e+00 1.690216213000000078e-01
2.656944274999999855e+00 3.267076730999999956e+00 1.783328651999999959e-01
2.672335148000000160e+00 2.704549073999999997e+00 1.782350540000000039e-01
2.688761473000000013e+00 2.821761846999999879e+00 1.752126961999999899e-01
2.702968359000000209e+00 3.290203333000000008e+00 2.079993635000000063e-01
2.717101812000000116e+00 2.996406316999999930e+00 2.125301360999999889e-01
2.734714745999999863e+00 2.863216877000000160e+00 2.254950702000000085e-01
2.745227814000000155e+00 2.828398705000000124e+00 2.088904232000000083e-01
2.759406327999999853e+00 2.996592521999999814e+00 2.208301574000000045e-01
2.774329901000000209e+00 2.428735255999999954e+00 2.348845601000000005e-01
2.790246247999999873e+00 2.443839549999999861e+00 2.453585266999999959e-01
2.803955793000000085e+00 2.034758806000000142e+00 2.959181963999999998e-01
2.817646265000000039e+00 1.968188285999999954e+00 2.975505589999999922e-01
2.834700584000000134e+00 2.146155595999999832e+00 2.999568582000000094e-01
2.844844580000000178e+00 2.562827825999999920e+00 2.664794326000000102e-01
2.858539819999999843e+00 3.011299371999999863e+00 2.880617976000000025e-01
2.872977495000000214e+00 2.607148169999999876e+00 2.810662388999999872e-01
2.888364076999999863e+00 2.776187896999999793e+00 2.466255575000000089e-01
2.901562928999999791e+00 2.572155237000000039e+00 2.647979557999999844e-01
2.914792537999999933e+00 1.758317947000000103e+00 2.968061565999999818e-01
2.931265593000000003e+00 2.523827075999999892e+00 1.818506718000000022e-01
2.941030264000000116e+00 2.723877191999999781e+00 1.731618047000000049e-01
3.162862538999999806e+00 2.369188069999999868e+00 1.434277743000000049e-01
3.172915697000000090e+00 2.224192142000000150e+00 1.318334787999999869e-01
3.189120530999999925e+00 2.159576178000000013e+00 1.320666074999999884e-01
3.205307722000000137e+00 2.169971703999999946e+00 1.316925435999999894e-01
3.215131997999999935e+00 2.084745646000000008e+00 1.279989927999999888e-01
3.230964898999999946e+00 2.147399186999999987e+00 1.359789670000000061e-01
3.246774197000000139e+00 1.927046180000000053e+00 1.419283003000000043e-01
3.256367444999999972e+00 1.935154319000000012e+00 1.365363448999999951e-01
3.271822214000000173e+00 2.133012056000000101e+00 1.439198405000000069e-01
3.287250042000000150e+00 2.145085335000000093e+00 1.464806794999999884e-01
3.296608925000000134e+00 2.046816349000000201e+00 1.407418400000000069e-01
3.311681985999999966e+00 2.318574667000000034e+00 1.489223987000000138e-01
3.326722859999999837e+00 2.231243849000000168e+00 1.522199063999999935e-01
3.335843563000000067e+00 2.115916491000000121e+00 1.523978263000000111e-01
3.350530385999999972e+00 2.335032463000000114e+00 1.829848289000000072e-01
3.365179539000000108e+00 1.783874630999999988e+00 2.209390103999999966e-01
3.374060869000000018e+00 1.703902602000000099e+00 2.364164143999999967e-01
3.388355970000000106e+00 1.926469683999999960e+00 2.544211446999999904e-01
3.561752557999999791e+00 1.742870807999999938e+00 1.486328989000000045e-01
3.573964119000000217e+00 1.617079973000000059e+00 1.345542371000000015e-01
3.581350088000000209e+00 1.468735217999999954e+00 1.281379162999999877e-01
3.593211412000000049e+00 1.955637097000000102e+00 1.268749534999999984e-01
3.605002402999999855e+00 1.757151126999999979e+00 1.284613460000000040e-01
3.612131118999999835e+00 1.658677458999999965e+00 1.223729625000000015e-01
3.623573064999999982e+00 1.642498731999999961e+00 1.303869337000000128e-01
3.634940863000000189e+00 1.836221576000000022e+00 1.291224807999999946e-01
3.641809702000000204e+00 1.693456649999999897e+00 1.240373030000000015e-01
3.652829169999999959e+00 1.679367899999999914e+00 1.308584510999999950e-01
3.663769722000000062e+00 1.759059786999999986e+00 1.329923718999999893e-01
3.670376538999999827e+00 1.903656840000000017e+00 1.281384825999999921e-01
3.680970192000000196e+00 1.884716867999999934e+00 1.351167410999999929e-01
3.691480397999999941e+00 1.577566146999999974e+00 1.425251215999999987e-01
3.697823763000000152e+00 1.886114955000000037e+00 1.415511817000000006e-01
3.707987547000000106e+00 1.768782376999999961e+00 1.502569019999999977e-01
3.718064308000000207e+00 1.597377658000000089e+00 1.484378426999999889e-01
3.724141358999999873e+00 1.719840645999999973e+00 1.387737690999999995e-01
3.733873844000000108e+00 1.716483355000000044e+00 1.475665419999999950e-01
3.743512868999999910e+00 1.753148316999999956e+00 1.486377567000000122e-01
3.749322890999999824e+00 1.660966039000000061e+00 1.407727450000000047e-01
3.758619546999999894e+00 1.353492259999999892e+00 1.552886367000000101e-01
3.767819405000000010e+00 1.440123320000000096e+00 1.474176198000000104e-01
3.773360251999999804e+00 1.562336087000000040e+00 1.389166116999999978e-01
3.781740189000000196e+00 1.724229097000000044e+00 1.495536863999999966e-01
3.790857552999999935e+00 1.560091971999999938e+00 1.767559200999999913e-01
3.796238660999999848e+00 1.431077002999999959e+00 1.768854558000000077e-01
3.803937911999999866e+00 1.603136659000000019e+00 2.014731168999999988e-01
3.812891959999999969e+00 1.367420435000000101e+00 2.617256640999999773e-01
3.817889214000000031e+00 1.050185323000000004e+00 2.693563997999999793e-01
3.823858260999999814e+00 1.755996823000000040e+00 2.645697892000000162e-01
