3.059174715999999905e-01 4.237262739669747091e+00
3.777121815877551025e-01 4.301409054777304064e+00
4.495068915755101591e-01 4.380718439306881429e+00
5.213016015632652156e-01 4.474339218252095129e+00
5.930963115510203831e-01 4.579880151606110061e+00
6.648910215387755507e-01 4.693022236357415444e+00
7.366857315265304962e-01 4.807375158634098256e+00
8.084804415142856637e-01 4.914730074070726928e+00
8.802751515020408313e-01 5.005800933984440704e+00
9.520698614897957768e-01 5.071412772875240726e+00
1.023864571477550944e+00 5.103919670476908976e+00
1.095659281465306112e+00 5.098496950422233276e+00
1.167453991453061057e+00 5.053941220759518238e+00
1.239248701440816225e+00 4.972759529055384320e+00
1.311043411428571392e+00 4.860568760032621505e+00
1.382838121416326338e+00 4.725034557994935547e+00
1.454632831404081506e+00 4.574664317931496527e+00
1.526427541391836673e+00 4.417726058515614618e+00
1.598222251379591619e+00 4.261452732644164243e+00
1.670016961367346786e+00 4.111575997096603707e+00
1.741811671355101954e+00 3.972153452458826894e+00
1.813606381342856899e+00 3.845616450117626872e+00
1.885401091330612067e+00 3.732960623439209424e+00
1.957195801318367234e+00 3.634012973241253164e+00
2.028990511306122180e+00 3.547726214037909553e+00
2.100785221293877569e+00 3.472466325335441972e+00
2.172579931281632515e+00 3.406269062264340342e+00
2.244374641269387904e+00 3.347046076601192244e+00
2.316169351257142850e+00 3.292727142448915956e+00
2.387964061244897795e+00 3.241337868542260026e+00
2.459758771232652741e+00 3.191030097530737741e+00
2.531553481220408131e+00 3.140093733958701172e+00
2.603348191208163076e+00 3.086974402146072105e+00
2.675142901195918022e+00 3.030304926410031463e+00
2.746937611183673411e+00 2.968945184852698649e+00
2.818732321171428357e+00 2.902027463606422941e+00
2.890527031159183302e+00 2.829013110793356489e+00
2.962321741146938692e+00 2.749764693408708105e+00
3.034116451134693637e+00 2.664619531438062516e+00
3.105911161122448583e+00 2.574427999287567381e+00
3.177705871110203972e+00 2.480516983530591801e+00
3.249500581097958918e+00 2.384568852541870232e+00
3.321295291085713863e+00 2.288433689533073689e+00
3.393090001073469253e+00 2.193915818635677972e+00
3.464884711061224198e+00 2.102596191208220500e+00
3.536679421048979144e+00 2.015712318474812914e+00
3.608474131036734533e+00 1.934107617092005071e+00
3.680268841024489479e+00 1.858235313045019543e+00
3.752063551012244424e+00 1.788193752912860868e+00
3.823858260999999814e+00 1.723760656730542573e+00
