3.073160648000000106e-01 9.663930133943086087e-01
3.790864749469388117e-01 1.044446991253327628e+00
4.508568850938775574e-01 1.169552168215777233e+00
5.226272952408163031e-01 1.362386491012409051e+00
5.943977053877551597e-01 1.662071476094509226e+00
6.661681155346939054e-01 2.138470093712875997e+00
7.379385256816326510e-01 2.901319377355302098e+00
8.097089358285713967e-01 4.091206483604470812e+00
8.814793459755101424e-01 5.807290092565518869e+00
9.532497561224488880e-01 7.881583401717930037e+00
1.025020166269387634e+00 9.399334658501720341e+00
1.096790576416326601e+00 9.583521847327794774e+00
1.168560986563265347e+00 9.104248459104073987e+00
1.240331396710204093e+00 8.410130706352628494e+00
1.312101806857142838e+00 7.513695493661360025e+00
1.383872217004081584e+00 6.504740127938771543e+00
1.455642627151020330e+00 5.569086183933008805e+00
1.527413037297959075e+00 4.773928002131940573e+00
1.599183447444897821e+00 4.063678019765807115e+00
1.670953857591836567e+00 3.450124593674030127e+00
1.742724267738775312e+00 3.012750836657737352e+00
1.814494677885714280e+00 2.727468010831463729e+00
1.886265088032653026e+00 2.528790834575999291e+00
1.958035498179591771e+00 2.442729284232994402e+00
2.029805908326530517e+00 2.494589510058021098e+00
2.101576318473469485e+00 2.644401183033251890e+00
2.173346728620408008e+00 2.818742605239416665e+00
2.245117138767346976e+00 2.965297781172704372e+00
2.316887548914285944e+00 3.047873657442653705e+00
2.388657959061224467e+00 3.057355758910265564e+00
2.460428369208163435e+00 3.050189051926273542e+00
2.532198779355101959e+00 3.075472629322994589e+00
2.603969189502040926e+00 3.093529754945289589e+00
2.675739599648979894e+00 3.068439753175919549e+00
2.747510009795918418e+00 3.127776145625850823e+00
2.819280419942857385e+00 3.286219387462395503e+00
2.891050830089795909e+00 3.459462032606037241e+00
2.962821240236734877e+00 3.542615482891780854e+00
3.034591650383673400e+00 3.464863903186377492e+00
3.106362060530612368e+00 3.272640950114506175e+00
3.178132470677550891e+00 3.043224393920725745e+00
3.249902880824489859e+00 2.797675924713360907e+00
3.321673290971428827e+00 2.544530185904492647e+00
3.393443701118367350e+00 2.271475138532653926e+00
3.465214111265306318e+00 1.988143810005197576e+00
3.536984521412244842e+00 1.737955468093884015e+00
3.608754931559183809e+00 1.553866499103317755e+00
3.680525341706122333e+00 1.432055186734763508e+00
3.752295751853061301e+00 1.365798759436439136e+00
3.824066161999999824e+00 1.354511676756188887e+00
