3.073160648000000106e-01 7.189814448000000358e-01 1.581776440000000061e-01
3.301323651999999997e-01 1.044699550000000032e+00 1.139486209000000055e-01
3.471560180000000106e-01 9.400869607999999822e-01 1.010854840000000032e-01
3.763285577000000104e-01 8.194472193999999821e-01 1.010368242999999944e-01
4.015218018999999749e-01 1.204335093000000079e+00 8.333811908999999574e-02
4.184156954000000095e-01 1.171273111999999950e+00 7.796780020000000644e-02
4.453585446000000170e-01 1.072311996999999906e+00 8.080358058000000621e-02
4.716466367000000104e-01 1.209360956999999903e+00 6.288308650000000444e-02
4.884950817000000001e-01 1.310284019000000022e+00 6.044485792999999829e-02
5.153694153000000222e-01 1.422845960000000076e+00 6.477609277000000165e-02
5.416246652999999744e-01 1.471383571999999917e+00 6.681538372999999698e-02
5.584224463000000416e-01 1.513195038000000103e+00 6.478198618000000075e-02
5.852200985000000077e-01 1.688851952999999906e+00 7.011252642000000146e-02
6.114354730000000071e-01 1.757870555000000001e+00 6.883178651000000647e-02
6.281766891000000186e-01 1.921655177999999964e+00 6.681542844000000481e-02
6.548894048000000190e-01 1.976674913999999950e+00 6.994640826999999617e-02
6.810561418999999672e-01 2.238807678000000134e+00 7.101809233000000443e-02
6.977360248999999737e-01 2.432990074000000114e+00 6.821191310999999424e-02
7.243559361000000418e-01 2.724966288000000070e+00 7.167551665999999377e-02
7.504656315000000077e-01 2.996530056000000108e+00 7.126402854999999703e-02
7.670791149000000253e-01 3.305122137000000127e+00 7.008925080000000252e-02
7.935980557999999796e-01 3.847303151999999837e+00 7.648167013999999930e-02
8.196421266000000205e-01 4.379495621000000227e+00 7.810562104000000339e-02
8.361843824000000369e-01 4.897305488999999845e+00 7.797828316999999565e-02
8.625940681000000554e-01 5.501189709000000150e+00 9.053966402999999441e-02
8.885645866000000392e-01 5.757450580999999623e+00 9.749064594999999611e-02
9.050304294000000027e-01 6.095888138000000289e+00 9.428141265999999410e-02
9.313225149999999619e-01 7.195495604999999628e+00 1.056127547999999999e-01
9.572113155999999456e-01 7.920979023000000119e+00 1.117691546999999980e-01
9.735952615999999837e-01 8.415086746000000062e+00 1.085537746999999942e-01
9.997621774999999600e-01 8.994135856999999845e+00 1.183575912999999952e-01
1.025561093999999951e+00 9.464718818999999783e+00 1.166410893000000004e-01
1.041858554000000048e+00 9.364127159000000589e+00 1.118113919999999956e-01
1.067891954999999893e+00 9.521037101999999308e+00 1.040153800999999989e-01
1.093592762999999968e+00 9.787064552000000361e+00 1.117220371999999989e-01
1.109798789000000063e+00 9.951699256999999577e+00 1.116327270999999954e-01
1.135690928000000044e+00 9.989627838000000537e+00 1.153653114999999979e-01
1.161285042999999906e+00 9.291393279999999422e+00 1.136422455000000026e-01
1.177394628999999915e+00 9.142708777999999370e+00 1.065388693999999997e-01
1.203137517000000045e+00 8.754206656999999225e+00 1.147884428999999956e-01
1.228616952999999956e+00 8.204545020999999494e+00 1.142332627999999989e-01
1.244625687999999952e+00 8.149044991000000238e+00 1.062453091000000044e-01
1.270211457999999904e+00 7.662086964000000222e+00 1.110911593000000058e-01
1.295567989000000031e+00 7.286003112999999587e+00 1.010561734000000045e-01
1.311470627999999916e+00 7.106739044000000227e+00 9.569021313999999390e-02
1.336891413000000028e+00 6.930812358999999923e+00 9.874904901000000623e-02
1.362117170999999960e+00 6.848782539000000114e+00 9.786617010999999755e-02
1.377908944999999941e+00 6.871078014000000067e+00 9.369648247999999569e-02
1.403156757000000088e+00 6.363967418999999737e+00 9.039307386000000610e-02
1.428243399000000080e+00 6.154142857000000078e+00 9.050833433999999622e-02
1.443919777999999932e+00 6.062463283999999675e+00 8.655139058999999913e-02
1.468987346000000027e+00 6.104533195000000134e+00 8.695703000000000460e-02
1.493926644000000081e+00 5.694391250999999876e+00 8.784829824999999814e-02
1.509482860999999954e+00 5.419075012000000413e+00 8.453737944000000448e-02
1.534362554999999961e+00 4.784010886999999990e+00 8.776675909999999414e-02
1.559146761999999908e+00 4.304488182000000052e+00 8.316999674000000176e-02
1.574577928000000071e+00 4.191160679000000222e+00 7.776369153999999895e-02
1.599261642000000094e+00 3.846024513000000145e+00 8.151822537000000257e-02
1.623882770999999892e+00 3.487376450999999822e+00 7.980599999000000111e-02
1.639184594000000050e+00 3.467506408999999845e+00 7.478932290999999732e-02
1.662310481000000006e+00 3.394397019999999987e+00 8.241585642000000267e-02
1.687719226000000017e+00 3.171324015000000163e+00 8.580579608999999719e-02
1.703393458999999943e+00 3.088973284000000152e+00 8.553367107999999830e-02
1.725405335000000040e+00 2.956593513000000062e+00 9.515170007999999846e-02
1.751586198999999899e+00 2.957858562000000191e+00 1.069651692999999959e-01
1.768138884999999938e+00 3.117331265999999879e+00 9.961783886000000199e-02
1.781351088999999943e+00 3.081862210999999796e+00 9.982189535999999586e-02
1.803491353999999935e+00 2.747605085000000003e+00 9.873021394000000561e-02
1.827569484999999938e+00 2.724741696999999796e+00 9.139426052999999328e-02
1.844042540000000008e+00 2.679423809000000212e+00 9.155852348000000085e-02
1.865815401000000096e+00 2.701189041000000124e+00 8.848337084000000574e-02
1.877585411000000093e+00 2.647774935000000163e+00 8.641257882000000223e-02
1.897841810999999934e+00 2.762252092000000214e+00 8.531681448000000278e-02
1.912150621000000106e+00 2.714574814000000114e+00 9.113872795999999887e-02
1.928946376000000074e+00 2.482756138000000057e+00 9.158360212999999694e-02
1.949442743999999950e+00 2.439854383000000126e+00 9.958539902999999360e-02
1.964116216000000081e+00 2.524180412000000207e+00 9.444982557999999362e-02
1.979941487000000055e+00 2.626166820999999985e+00 9.468817710999999360e-02
2.129029989000000178e+00 2.777105807999999953e+00 1.001753657999999991e-01
2.143236876000000013e+00 2.834383487999999840e+00 9.484238177999999853e-02
2.158542156000000212e+00 2.903966903999999793e+00 9.810099750999999590e-02
2.173729658000000065e+00 3.070346354999999861e+00 1.037512644999999956e-01
2.189774513000000145e+00 3.125293493000000034e+00 1.060735433999999977e-01
2.203617095999999886e+00 3.203154801999999801e+00 1.030266507999999942e-01
2.223406315000000077e+00 3.229667663999999938e+00 1.099085808000000025e-01
2.234499693000000065e+00 3.165733814000000201e+00 1.030108556000000064e-01
2.254419088000000126e+00 3.341983794999999979e+00 9.132132679000000419e-02
2.267813921000000121e+00 3.238345385000000132e+00 9.621117263999999503e-02
2.283564091000000129e+00 3.142604112999999977e+00 9.493334590999999434e-02
2.302837848999999881e+00 2.997240543000000201e+00 8.565150201000000518e-02
2.316540718000000165e+00 3.140975237000000142e+00 8.075811714000000197e-02
2.331286430000000021e+00 3.155907393000000116e+00 8.490069956000000084e-02
2.345960379000000096e+00 2.948205232999999925e+00 8.681689202999999522e-02
2.361440897000000039e+00 2.950180530999999995e+00 8.040964603000000377e-02
2.374776363000000057e+00 2.937134026999999925e+00 7.516077906000000197e-02
2.393837452000000088e+00 2.940567731999999879e+00 8.513880521000000146e-02
2.404561995999999979e+00 2.994055748000000072e+00 8.653046190999999498e-02
2.423767327999999832e+00 3.157855988000000114e+00 9.554979950000000444e-02
2.436652184000000165e+00 3.147176743000000165e+00 1.028147786999999980e-01
2.451814890000000080e+00 3.041358471000000119e+00 1.050111054999999932e-01
2.470394611000000129e+00 3.202713012999999886e+00 1.227402315000000049e-01
2.483556509000000023e+00 3.039509535000000096e+00 1.137090622999999967e-01
2.497705460000000155e+00 2.816055058999999972e+00 1.107645109000000017e-01
2.511825084999999902e+00 3.036049604000000013e+00 1.177445426999999961e-01
2.526699065999999938e+00 3.133369446000000114e+00 1.206080167999999952e-01
2.539492607000000124e+00 3.224858046000000034e+00 1.147842183999999988e-01
2.557774782000000080e+00 3.173351288000000103e+00 1.205307691999999986e-01
2.568099499000000119e+00 3.146521330000000116e+00 1.077400892999999943e-01
2.586538076000000075e+00 3.026107549999999868e+00 9.645667671999999526e-02
2.598878383999999819e+00 2.933388948000000163e+00 1.040333061999999947e-01
2.613411902999999814e+00 3.058200836000000145e+00 1.034559607999999964e-01
2.631244897999999832e+00 2.902981281000000191e+00 1.030879989000000052e-01
2.643832683999999933e+00 2.910136937999999951e+00 9.726000577000000480e-02
2.657348155999999850e+00 3.087167262999999995e+00 9.991192817999999809e-02
2.670873642000000103e+00 3.114322662000000186e+00 1.058973819000000038e-01
2.685101031999999943e+00 3.108909129999999799e+00 1.173190847000000064e-01
2.697319031000000145e+00 3.129069327999999928e+00 1.230253428000000065e-01
2.714774609000000005e+00 3.262537002999999824e+00 1.360330731000000126e-01
2.724668263999999951e+00 3.394960402999999793e+00 1.275569051999999870e-01
2.742288112999999861e+00 3.288310050999999845e+00 1.171363145000000050e-01
2.754052401000000039e+00 3.314751148000000036e+00 1.262868195999999887e-01
2.767917870999999863e+00 3.516943454999999830e+00 1.299980729999999918e-01
2.784952402000000049e+00 3.138357400999999935e+00 1.519683450000000047e-01
2.796932219999999969e+00 3.320852756999999933e+00 1.607561856999999983e-01
2.809781550999999933e+00 3.684882163999999793e+00 1.692417263999999866e-01
2.822674512999999941e+00 3.898228406999999951e+00 1.742339283000000072e-01
2.836216210999999987e+00 3.493459225000000057e+00 1.651903688999999953e-01
2.847827195999999894e+00 3.240934848999999840e+00 1.526322364999999903e-01
2.864409923999999830e+00 3.086475372000000217e+00 1.647295058000000090e-01
2.873843192999999907e+00 3.365708113000000168e+00 1.619559376999999967e-01
2.890595912999999850e+00 3.651883841000000075e+00 1.524753272999999909e-01
2.901752949000000026e+00 3.622505187999999876e+00 1.645027994999999910e-01
2.914912224000000052e+00 3.335425615000000121e+00 1.624930799000000037e-01
2.931098700000000168e+00 3.042486191000000062e+00 1.038805470000000036e-01
2.942440986999999897e+00 3.169568062000000186e+00 1.029299422999999936e-01
3.162765503000000145e+00 2.924854040000000044e+00 8.159812539999999892e-02
3.172986745999999858e+00 2.884370565000000219e+00 7.509229332000000312e-02
3.189178467000000072e+00 2.892550944999999984e+00 7.439874857999999314e-02
3.205212593000000165e+00 2.813525438000000101e+00 7.356444000999999566e-02
3.215201615999999873e+00 2.768342972000000124e+00 7.135696709000000082e-02
3.231021403999999819e+00 2.663871765000000114e+00 7.499421387999999356e-02
3.246681213000000010e+00 2.785654544999999871e+00 7.775308191999999452e-02
3.256435393999999928e+00 2.805163144999999858e+00 7.516277580999999874e-02
3.271877765999999799e+00 2.655646562999999905e+00 7.897141575999999663e-02
3.287159680999999889e+00 2.607028007999999897e+00 8.031056075999999655e-02
3.296674728000000165e+00 2.442919970000000163e+00 7.713308929999999897e-02
3.311735629999999819e+00 2.329122304999999837e+00 8.152510225999999582e-02
3.326634169000000085e+00 2.520435333000000000e+00 8.238922804999999905e-02
3.335907935999999907e+00 2.307093619999999845e+00 8.305314928000000207e-02
3.350582360999999842e+00 2.126930951999999930e+00 1.018388494999999949e-01
3.365093946000000003e+00 1.766187667999999933e+00 1.271136402999999970e-01
3.374124049999999819e+00 1.854887485999999974e+00 1.379002183999999964e-01
3.388406992000000173e+00 2.056041956000000059e+00 1.480546594000000105e-01
3.561796188000000196e+00 1.433367014000000106e+00 7.664213329999999824e-02
3.573892593000000062e+00 1.404883741999999991e+00 6.936088204000000201e-02
3.581402063000000080e+00 1.499847888999999990e+00 6.529260426999999867e-02
3.593253374000000111e+00 1.472509741999999955e+00 6.397184729999999542e-02
3.604933261999999861e+00 1.381182193999999974e+00 6.490359454999999889e-02
3.612180947999999781e+00 1.363247037000000050e+00 6.194478645999999811e-02
3.623613833999999922e+00 1.494394301999999897e+00 6.563378870000000087e-02
3.634873867000000036e+00 1.514827251000000041e+00 6.457026303000000522e-02
3.641858339000000111e+00 1.487298846000000063e+00 6.246482208000000286e-02
3.652868271000000000e+00 1.605392455999999912e+00 6.596917658999999767e-02
3.663705586999999930e+00 1.366054534999999959e+00 6.692504137999999436e-02
3.670423269000000044e+00 1.297672629000000022e+00 6.440196185999999545e-02
3.681007861999999964e+00 1.319032073000000027e+00 6.783846765999999862e-02
3.691418171000000026e+00 1.285190462999999950e+00 7.158511132000000554e-02
3.697868347000000000e+00 1.306128739999999899e+00 7.122676819999999853e-02
3.708024024999999835e+00 1.277540445000000080e+00 7.572492957000000191e-02
3.718005180000000021e+00 1.238849877999999904e+00 7.468401640999999813e-02
3.724184512999999974e+00 1.340705872000000021e+00 6.996356696000000097e-02
3.733907938000000204e+00 1.163680196000000056e+00 7.523420453000000119e-02
3.743456602000000188e+00 1.209171294999999979e+00 7.494957744999999893e-02
3.749363899000000000e+00 1.246029258000000084e+00 7.078287005000000187e-02
3.758652687000000103e+00 1.416704415999999966e+00 7.807642967000000267e-02
3.767765760000000075e+00 1.327850460999999926e+00 7.420916854999999590e-02
3.773398875999999902e+00 1.249926686000000009e+00 6.978656351999999730e-02
3.781798123999999817e+00 1.252380132999999951e+00 7.565978914000000277e-02
3.790843010000000124e+00 1.308502315999999999e+00 8.907610923000000569e-02
3.796391964000000119e+00 1.261047720999999955e+00 8.928750454999999364e-02
3.804120064000000134e+00 1.241234659999999934e+00 1.052540540999999941e-01
3.812918663000000041e+00 1.171706080000000094e+00 1.370524465999999886e-01
3.818047761999999956e+00 1.195988655000000067e+00 1.358809619999999940e-01
3.824066161999999824e+00 1.332845687999999917e+00 1.340450793999999890e-01
