3.074156046000000031e-01 1.879878044000000026e+00 1.672959625999999866e-01
3.304030597000000014e-01 1.964402079999999939e+00 1.228364705999999973e-01
3.469817339999999861e-01 1.892134309000000014e+00 1.085135713000000002e-01
3.657532632000000117e-01 1.783725977000000018e+00 1.211136802999999984e-01
3.911002874000000240e-01 2.002146959000000059e+00 9.212756901999999415e-02
4.168410897000000004e-01 2.168291092000000031e+00 8.181993663000000638e-02
4.368209540999999918e-01 2.202795506000000181e+00 9.549300372999999786e-02
4.602093995000000048e-01 2.481698989999999938e+00 7.669397444000000674e-02
4.869123994999999816e-01 2.760718821999999850e+00 6.748451293000000406e-02
5.068343281999999617e-01 2.732713223000000191e+00 7.652466743999999932e-02
5.302235483999999666e-01 2.833032370000000189e+00 7.237651943999999504e-02
5.568329095999999812e-01 3.030668735999999974e+00 7.093568145999999686e-02
5.766909718999999601e-01 3.154527426000000023e+00 8.489288389999999351e-02
6.000736951999999791e-01 3.198451996000000186e+00 7.592684030999999334e-02
6.265805960000000452e-01 3.496891499000000181e+00 7.401204854000000000e-02
6.463686824000000053e-01 3.611736774000000150e+00 8.393550664000000439e-02
6.697372198000000054e-01 3.584053040000000134e+00 7.631849497999999843e-02
6.961342691999999888e-01 3.842213869000000059e+00 7.453225552999999393e-02
7.158459424999999987e-01 3.970992326999999822e+00 8.460609615000000416e-02
7.391928434000000214e-01 4.062049865999999732e+00 7.600151747000000180e-02
7.654719353000000170e-01 4.303516864999999747e+00 7.271757721999999591e-02
7.851018309999999722e-01 4.664111136999999907e+00 8.465863764000000624e-02
8.084192872000000030e-01 4.629438877000000119e+00 7.593359052999999748e-02
8.345725536000000444e-01 5.017186642000000418e+00 7.496304065000000683e-02
8.541141152000000236e-01 5.282358645999999602e+00 8.659210801000000179e-02
8.773946762000000010e-01 5.219008446000000134e+00 8.805789797999999391e-02
9.034141302000000540e-01 5.491003036000000392e+00 8.499458431999999675e-02
9.228617548999999975e-01 5.645252228000000372e+00 9.882646053999999403e-02
9.460979104000000195e-01 5.777563572000000036e+00 9.537512808999999703e-02
9.719756842000000230e-01 5.992461680999999984e+00 8.717091382000000110e-02
9.913235307000000107e-01 5.989375590999999943e+00 1.045387536000000062e-01
1.014507650999999955e+00 6.011765956999999716e+00 9.303606302000000383e-02
1.040235996000000052e+00 6.378606319000000191e+00 8.807451278000000272e-02
1.059478163999999945e+00 6.524112700999999959e+00 9.073270111999999499e-02
1.082602381999999919e+00 6.559532641999999747e+00 8.392249793000000624e-02
1.108173966000000066e+00 6.659248829000000036e+00 8.961439133000000112e-02
1.127304553999999959e+00 6.603303431999999695e+00 1.023709327000000002e-01
1.150361179999999983e+00 6.548519610999999685e+00 9.208213537999999920e-02
1.175767899000000005e+00 6.779202460999999680e+00 9.138298779999999566e-02
1.194781303000000072e+00 6.987927914000000129e+00 1.033449322000000031e-01
1.217762827999999908e+00 6.518751144000000330e+00 9.571943432000000473e-02
1.242997885000000080e+00 6.168530463999999824e+00 8.926209061999999805e-02
1.261888026999999912e+00 6.306145190999999706e+00 1.034006028999999993e-01
1.284786940000000044e+00 6.079648494999999819e+00 9.208161384000000671e-02
1.309842348000000101e+00 5.882031918000000026e+00 8.177768438999999390e-02
1.328603863999999968e+00 5.557397366000000005e+00 9.533213078999999701e-02
1.351412416000000061e+00 5.464810847999999943e+00 8.490189909999999729e-02
1.376280426999999973e+00 5.575431823999999814e+00 8.149419724999999726e-02
1.394907713000000049e+00 5.561658858999999566e+00 8.793162555000000324e-02
1.417617917000000061e+00 5.305242537999999897e+00 7.853472978000000659e-02
1.442291975000000059e+00 5.281383038000000418e+00 7.743814588000000332e-02
1.460779666999999948e+00 5.308903693999999618e+00 8.484563976999999479e-02
1.483384013000000001e+00 5.042901515999999695e+00 7.633951306000000270e-02
1.507856368999999974e+00 4.943502426000000227e+00 7.756093889000000019e-02
1.526198626000000003e+00 4.980669498000000139e+00 8.950599283000000572e-02
1.548689841999999928e+00 4.877582073000000129e+00 7.994209230000000332e-02
1.572953462999999941e+00 4.588417530000000077e+00 7.639390975000000250e-02
1.591144799999999915e+00 4.223014355000000108e+00 8.646235615000000263e-02
1.613514780999999898e+00 3.994424819999999876e+00 7.990102470000000345e-02
1.637562871000000086e+00 3.936028956999999995e+00 7.259099184999999455e-02
1.655598043999999991e+00 3.741288423999999946e+00 8.461944014000000180e-02
1.676283836000000083e+00 3.695464373000000080e+00 8.326811342999999865e-02
1.700902938999999892e+00 3.822700499999999835e+00 8.174005150999999469e-02
1.719567776000000103e+00 3.917992352999999817e+00 9.780070930999999745e-02
1.742356180999999893e+00 3.484853982999999822e+00 1.001068130000000028e-01
1.766346455000000093e+00 3.571336746000000062e+00 9.571326523999999780e-02
1.779778123000000045e+00 3.666391610999999884e+00 9.593430907000000119e-02
1.803855181000000085e+00 3.610907316000000034e+00 1.033415793999999943e-01
1.827836036999999969e+00 3.518096923999999959e+00 9.623666852999999966e-02
1.842176317999999924e+00 3.604476929000000052e+00 8.917001635000000592e-02
1.859450220999999903e+00 3.619765758999999861e+00 9.638906269999999998e-02
1.879206181000000031e+00 3.375691175000000044e+00 8.552558720000000281e-02
1.896266580000000035e+00 3.414637326999999889e+00 8.460637927000000391e-02
1.912240385999999903e+00 3.687843083999999827e+00 9.884534031000000165e-02
1.931855679000000103e+00 3.551142453999999837e+00 9.677273779999999437e-02
1.949472784999999986e+00 3.355340242000000028e+00 1.051475852999999988e-01
1.965069890000000097e+00 3.547264098999999948e+00 9.319139272000000196e-02
1.980799793999999947e+00 3.626135587999999910e+00 1.070205941999999993e-01
1.999994159000000105e+00 3.481085777000000103e+00 9.602272510999999844e-02
2.017648696999999824e+00 3.655250788000000028e+00 1.000199541000000025e-01
2.033273458000000034e+00 3.652208567000000183e+00 1.137627140000000009e-01
2.052524328000000065e+00 3.254376887999999912e+00 1.451992393000000048e-01
2.069815635999999959e+00 3.497828245000000003e+00 1.624113618999999953e-01
2.085075854999999923e+00 3.375909805000000041e+00 1.422916800000000037e-01
2.100463629000000054e+00 3.402971983000000034e+00 1.273246407999999996e-01
2.119298935000000217e+00 3.193754672999999933e+00 1.024900675000000039e-01
2.136596679999999804e+00 3.297760724999999837e+00 9.134139866000000330e-02
2.151854515000000134e+00 3.333154678000000093e+00 9.444154053999999354e-02
2.170717000999999868e+00 3.230500698000000170e+00 1.041283011000000008e-01
2.187661408999999946e+00 3.061497210999999830e+00 9.821940957999999999e-02
2.202567576999999943e+00 3.294927597000000041e+00 9.581342340000000013e-02
2.217594624000000181e+00 3.284012317999999819e+00 1.095834002000000001e-01
2.236047268000000088e+00 3.173325300000000126e+00 9.469973296000000484e-02
2.252966880999999866e+00 3.203664541000000199e+00 8.479068428000000046e-02
2.267840384999999959e+00 3.370432137999999966e+00 8.578402548999999877e-02
2.286290884000000023e+00 3.262483120000000181e+00 9.300168604000000339e-02
2.302866936000000031e+00 3.150720834999999997e+00 8.467715234000000590e-02
2.317401885999999855e+00 3.155078650000000096e+00 7.968088238999999906e-02
2.332051991999999796e+00 3.209211826000000212e+00 8.905608207000000054e-02
2.350098132999999923e+00 2.904650687999999814e+00 8.267694711999999668e-02
2.366618155999999917e+00 2.836615561999999979e+00 7.299012690999999442e-02
2.381092787000000044e+00 2.994446754000000155e+00 7.215460390000000279e-02
2.399107455999999861e+00 3.005106925999999845e+00 8.604089170999999758e-02
2.415293455000000034e+00 3.213134289000000088e+00 1.014859079999999997e-01
2.429440974999999892e+00 3.155912160999999827e+00 1.014193520000000043e-01
2.443697928999999824e+00 3.137011050999999995e+00 1.156998127999999959e-01
2.461313485999999884e+00 3.091717720000000114e+00 1.128158643999999933e-01
2.477413893000000034e+00 2.885982274999999930e+00 1.060819104000000068e-01
2.491473436000000152e+00 2.963261843000000173e+00 1.031755580999999949e-01
2.509030818999999912e+00 3.214111327999999990e+00 1.150656342999999970e-01
2.524805546000000067e+00 3.074520587999999943e+00 1.071730107000000015e-01
2.538549661999999874e+00 3.155636072000000070e+00 1.072657406000000063e-01
2.552396773999999979e+00 3.289736985999999863e+00 1.221631989000000057e-01
2.569559813000000137e+00 3.024425744999999832e+00 1.003644167999999948e-01
2.585220813999999923e+00 2.920832872000000080e+00 8.975579590000000441e-02
2.598850012000000209e+00 3.102495908999999941e+00 1.022504493999999986e-01
2.615927695999999969e+00 3.059202194000000041e+00 1.012375206000000055e-01
2.631271362000000114e+00 3.203868389000000150e+00 1.015395298999999946e-01
2.644596814999999879e+00 3.070130110000000023e+00 9.368619323000000609e-02
2.658018826999999806e+00 3.261360884000000127e+00 1.066692843999999946e-01
2.674705981999999871e+00 3.185360908999999907e+00 9.898820518999999762e-02
2.689908266000000214e+00 3.095690965999999822e+00 1.027353032999999971e-01
2.703093051999999830e+00 3.193929671999999886e+00 1.252945215000000057e-01
2.719668626999999894e+00 3.091099976999999832e+00 1.207124442000000047e-01
2.734561681999999827e+00 3.066178083000000054e+00 1.227437257999999948e-01
2.747453689999999948e+00 3.249788522999999874e+00 1.122729778000000067e-01
2.760435820000000096e+00 3.298741816999999799e+00 1.309348046999999904e-01
2.776625633000000093e+00 3.182517052000000124e+00 1.255154759000000064e-01
2.791349888000000057e+00 2.715624093999999822e+00 1.362832189000000027e-01
2.804076433000000090e+00 2.919679879999999894e+00 1.664588003999999954e-01
2.820129394999999928e+00 3.101217747000000191e+00 1.582788377999999885e-01
2.834552525999999961e+00 2.618051529000000155e+00 1.558587700000000076e-01
2.846997260999999835e+00 2.811650275999999948e+00 1.381232142000000107e-01
2.859524487999999920e+00 2.976459264999999910e+00 1.623437554000000116e-01
2.875194787999999946e+00 2.767592668999999894e+00 1.445460319999999910e-01
2.889423369999999824e+00 2.527502297999999925e+00 1.404147296999999905e-01
2.901679038999999793e+00 2.517774343000000137e+00 1.400506793999999888e-01
2.917188406000000178e+00 2.879395007999999923e+00 1.551968901999999928e-01
2.931122541000000137e+00 2.582518100999999788e+00 9.769984334999999576e-02
2.943105935999999812e+00 2.599747895999999781e+00 9.271837026000000204e-02
3.150692939999999886e+00 2.503321648000000010e+00 1.521307081000000117e-01
3.162033318999999842e+00 2.337896108999999889e+00 8.156136423000000246e-02
3.172969340999999943e+00 2.325892687000000070e+00 7.158349454000000056e-02
3.183159589999999817e+00 2.383433342000000010e+00 7.162986695999999653e-02
3.196419001000000204e+00 2.352372407999999915e+00 7.250753790000000198e-02
3.208052396999999889e+00 2.253561257999999956e+00 6.652808933999999896e-02
3.218631744000000072e+00 2.392678499000000070e+00 7.339788972999999883e-02
3.230031490000000005e+00 2.270992279000000114e+00 7.461058348000000617e-02
3.240948438999999848e+00 2.110475302000000219e+00 7.242295145999999573e-02
3.254000186999999933e+00 2.271740675000000209e+00 7.516302913000000308e-02
3.263464689000000085e+00 2.288052319999999806e+00 7.097925990999999490e-02
3.275913715000000170e+00 2.196503161999999953e+00 8.288235961999999846e-02
3.286477804000000003e+00 2.237393141000000085e+00 7.956041396000000654e-02
3.296658278000000220e+00 2.244724988999999837e+00 7.326644659000000614e-02
3.306138754000000013e+00 2.200052499999999966e+00 7.722055912000000411e-02
3.318465232999999959e+00 2.103484631000000160e+00 8.175719529000000096e-02
3.329271793000000201e+00 2.059411287000000090e+00 7.636932284000000348e-02
3.339091538999999997e+00 2.155156611999999861e+00 8.964870869999999603e-02
3.349665164999999778e+00 2.168038844999999881e+00 1.038881167999999994e-01
3.359782934000000054e+00 1.975030421999999897e+00 1.050295829999999958e-01
3.371869801999999972e+00 1.809949875000000041e+00 1.253760754999999893e-01
3.380627393999999786e+00 1.922224045000000103e+00 1.376928836000000100e-01
3.392137765999999832e+00 1.965952157999999894e+00 1.466401516999999988e-01
3.552193879999999915e+00 1.660365700999999916e+00 8.835442363999999882e-02
3.561030387999999824e+00 1.521346330999999941e+00 8.000534028000000353e-02
3.569469451999999876e+00 1.647351146000000099e+00 7.254776358999999453e-02
3.579529285000000005e+00 1.683696866000000014e+00 7.050585001999999657e-02
3.586802721000000194e+00 1.649942398000000088e+00 6.325106323000000141e-02
3.596342802000000116e+00 1.697006701999999922e+00 7.145632057999999620e-02
3.604413033000000155e+00 1.663585067000000084e+00 6.672775744999999425e-02
3.612168789000000046e+00 1.528562546000000077e+00 6.234958767999999873e-02
3.619371176000000023e+00 1.513700008000000041e+00 6.536719202999999312e-02
3.628706216999999956e+00 1.656765580000000071e+00 6.860668957000000401e-02
3.636862278000000170e+00 1.597197532999999892e+00 6.209265812999999884e-02
3.644251108000000183e+00 1.619389533999999964e+00 6.924103944999999982e-02
3.652181624999999876e+00 1.591118693000000084e+00 7.037763297999999335e-02
3.659745216000000134e+00 1.528707027000000052e+00 6.683862953999999967e-02
3.668748616999999879e+00 1.652425765999999907e+00 6.826278567000000630e-02
3.675249337999999977e+00 1.652111649999999932e+00 6.518238782999999370e-02
3.683763742000000008e+00 1.659306884000000037e+00 7.572656869999999651e-02
3.690955638999999788e+00 1.483667134999999915e+00 7.611326873000000270e-02
3.697856902999999917e+00 1.642093538999999991e+00 7.222705333999999977e-02
3.704257965000000041e+00 1.520831585000000041e+00 7.563248276999999520e-02
3.712540387999999858e+00 1.470328212000000079e+00 8.104279637000000314e-02
3.719764947999999904e+00 1.623859763000000012e+00 7.156083733000000169e-02
3.726299286000000155e+00 1.563635706999999986e+00 7.840240001999999875e-02
3.733301877999999796e+00 1.510854482999999915e+00 8.085228502999999844e-02
3.739970206999999824e+00 1.518829822999999912e+00 7.636348158000000330e-02
3.747891903000000191e+00 1.478775858999999970e+00 7.141254841999999936e-02
3.753601551000000036e+00 1.457171559000000061e+00 7.486990839000000342e-02
3.761067151999999858e+00 1.375340103999999952e+00 8.620443194999999337e-02
3.767360687000000041e+00 1.269917965000000093e+00 8.106505126000000672e-02
3.773389338999999953e+00 1.342210649999999950e+00 7.098530978000000546e-02
3.778970479999999910e+00 1.451682447999999903e+00 7.356208562999999589e-02
3.786777734999999812e+00 1.294213532999999972e+00 8.173574507000000433e-02
3.795568943000000139e+00 1.272868276000000076e+00 8.300554006999999457e-02
3.801486253999999843e+00 1.371357321999999934e+00 9.650807828000000643e-02
3.809155941000000212e+00 1.358505011000000096e+00 1.194892748999999976e-01
3.818179369000000101e+00 1.386133075000000048e+00 1.366311759000000126e-01
3.824170350999999801e+00 1.350385785000000061e+00 1.349005102999999983e-01
