3.074156046000000031e-01 2.300730494334172427e+00
3.791861096285714106e-01 2.410834156155672758e+00
4.509566146571428735e-01 2.574376767091918872e+00
5.227271196857142810e-01 2.809516403307746213e+00
5.944976247142856884e-01 3.135592228194219455e+00
6.662681297428570959e-01 3.567579749069379691e+00
7.380386347714285034e-01 4.106294661523676837e+00
8.098091398000000218e-01 4.725710256268401466e+00
8.815796448285713183e-01 5.364336293915721754e+00
9.533501498571428368e-01 5.932338354921777857e+00
1.025120654885714133e+00 6.339549232464515072e+00
1.096891159914285652e+00 6.529801001702320917e+00
1.168661664942857170e+00 6.496186876778277330e+00
1.240432169971428467e+00 6.271766205340846945e+00
1.312202674999999985e+00 5.912132408401288508e+00
1.383973180028571281e+00 5.478498361014953133e+00
1.455743685057142800e+00 5.023591610156611154e+00
1.527514190085714318e+00 4.585598078099327068e+00
1.599284695114285615e+00 4.189518517594668978e+00
1.671055200142857133e+00 3.850616588540210827e+00
1.742825705171428430e+00 3.576503545485369528e+00
1.814596210199999948e+00 3.367737801807824116e+00
1.886366715228571245e+00 3.218785465256569722e+00
1.958137220257142763e+00 3.120201560486063119e+00
2.029907725285714282e+00 3.060888953256253764e+00
2.101678230314285578e+00 3.029679332195737373e+00
2.173448735342856875e+00 3.016653356112624973e+00
2.245219240371428171e+00 3.014445582792860012e+00
2.316989745399999912e+00 3.018931778395046450e+00
2.388760250428571208e+00 3.028616354863095772e+00
2.460530755457142504e+00 3.042678403719618174e+00
2.532301260485714245e+00 3.058834094578401164e+00
2.604071765514285541e+00 3.072947324091872989e+00
2.675842270542856838e+00 3.081048823820727200e+00
2.747612775571428578e+00 3.081016012529891324e+00
2.819383280599999875e+00 3.070539210179261236e+00
2.891153785628571171e+00 3.043979462967091987e+00
2.962924290657142468e+00 2.993035683712728545e+00
3.034694795685714208e+00 2.911149726201381682e+00
3.106465300714285505e+00 2.797148710684008943e+00
3.178235805742856801e+00 2.655854770127753284e+00
3.250006310771428542e+00 2.496853974862530912e+00
3.321776815799999838e+00 2.331839558363844933e+00
3.393547320828571134e+00 2.171316382105725751e+00
3.465317825857142431e+00 2.022965838581928910e+00
3.537088330885714171e+00 1.891133444314958778e+00
3.608858835914285468e+00 1.777653277745901317e+00
3.680629340942856764e+00 1.682940171907540750e+00
3.752399845971428505e+00 1.606991370290017596e+00
3.824170350999999801e+00 1.548821359766098249e+00
