3.069674075000000113e-01 3.135531375270969701e+00
3.787095790408163687e-01 3.246778935065261162e+00
4.504517505816326706e-01 3.398038681139738060e+00
5.221939221224489724e-01 3.595986663785073034e+00
5.939360936632653853e-01 3.844765559431098989e+00
6.656782652040815762e-01 4.142996900879936106e+00
7.374204367448979891e-01 4.480389252432018132e+00
8.091626082857144020e-01 4.835264311685204319e+00
8.809047798265305929e-01 5.175013066516187088e+00
9.526469513673470058e-01 5.461127906840561153e+00
1.024389122908163197e+00 5.658264788764521214e+00
1.096131294448979610e+00 5.743735842566660033e+00
1.167873465989796022e+00 5.712810184476858844e+00
1.239615637530612213e+00 5.577800876761656923e+00
1.311357809071428626e+00 5.362610880110293188e+00
1.383099980612244817e+00 5.095886363693947985e+00
1.454842152153061230e+00 4.805259559374873035e+00
1.526584323693877643e+00 4.513865698803034121e+00
1.598326495234693834e+00 4.239052515798196197e+00
1.670068666775510247e+00 3.992449076132101204e+00
1.741810838316326437e+00 3.780579685656722866e+00
1.813553009857142850e+00 3.605643553661151302e+00
1.885295181397959263e+00 3.466419495332322853e+00
1.957037352938775454e+00 3.359292066285443745e+00
2.028779524479591867e+00 3.279291784422007083e+00
2.100521696020408502e+00 3.221015429341189673e+00
2.172263867561224693e+00 3.179344518061560265e+00
2.244006039102040884e+00 3.149898422429161737e+00
2.315748210642857519e+00 3.129148025174482761e+00
2.387490382183673709e+00 3.114173607473739835e+00
2.459232553724489900e+00 3.102211052323437190e+00
2.530974725265306535e+00 3.090307877645643853e+00
2.602716896806122726e+00 3.075341977328804433e+00
2.674459068346938917e+00 3.054381683885621701e+00
2.746201239887755552e+00 3.024889372916783170e+00
2.817943411428571743e+00 2.984516853664149760e+00
2.889685582969387934e+00 2.930761365654389827e+00
2.961427754510204569e+00 2.861281817831662355e+00
3.033169926051020759e+00 2.774771659268887802e+00
3.104912097591836950e+00 2.671893176954663662e+00
3.176654269132653141e+00 2.555609604325407513e+00
3.248396440673469776e+00 2.430731451739331028e+00
3.320138612214285967e+00 2.302928215008493762e+00
3.391880783755102158e+00 2.177583125100739814e+00
3.463622955295918793e+00 2.059006742478858065e+00
3.535365126836734984e+00 1.950115152335768265e+00
3.607107298377551174e+00 1.852527599239051304e+00
3.678849469918367809e+00 1.766953269041935393e+00
3.750591641459184000e+00 1.693439234178245156e+00
3.822333813000000191e+00 1.631518633347849745e+00
