3.069674075000000113e-01 2.653274536000000072e+00 1.806943565999999946e-01
3.300164937999999770e-01 2.513985157000000026e+00 1.358115226000000120e-01
3.470513224999999813e-01 2.821880102000000168e+00 1.225030869000000022e-01
3.660139440999999882e-01 3.013708590999999881e+00 1.355939208999999979e-01
3.857790529999999829e-01 2.933896541999999830e+00 1.297235935999999923e-01
4.075214267000000223e-01 3.101753949999999982e+00 1.056978479000000026e-01
4.244012535000000197e-01 3.319797992999999892e+00 1.107498556000000023e-01
4.451373518000000251e-01 3.370261907999999806e+00 1.015992089999999959e-01
4.631884694000000247e-01 3.249121428000000034e+00 8.742533623999999837e-02
4.823400079999999868e-01 3.372617722000000207e+00 8.769671618999999585e-02
5.022895931999999952e-01 3.479087830000000103e+00 8.188562839999999343e-02
5.215920805999999521e-01 3.605245351999999848e+00 9.433069080000000550e-02
5.413730741000000179e-01 3.762941121999999972e+00 8.683056383999999961e-02
5.584511160999999779e-01 3.927872658000000072e+00 8.419049531000000197e-02
5.768637656999999752e-01 3.988278150999999827e+00 9.620359539999999432e-02
5.947970747999999919e-01 3.890526294999999912e+00 9.993434697000000422e-02
6.173946260999999547e-01 4.083196639999999711e+00 8.998996764000000148e-02
6.340373158000000009e-01 4.390608787999999763e+00 9.542737900999999356e-02
6.546700000999999824e-01 4.210349082999999659e+00 8.899820595999999306e-02
6.727073193000000506e-01 4.283331394000000181e+00 9.472493827000000310e-02
6.917122601999999842e-01 4.365638732999999938e+00 9.342491627000000520e-02
7.113831639000000040e-01 4.376625537999999871e+00 8.920163660999999578e-02
7.306109667000000307e-01 4.264262676000000418e+00 9.718713163999999349e-02
7.502158880000000529e-01 4.430172920000000403e+00 8.576486260000000528e-02
7.671077846999999617e-01 4.564451218000000310e+00 8.235696703000000563e-02
7.852728962999999673e-01 4.705035210000000134e+00 9.141324460999999957e-02
8.030781150000000368e-01 4.871708869999999969e+00 9.436764568000000075e-02
8.255443572999999757e-01 4.935950756000000439e+00 8.532334864000000463e-02
8.419054151000000541e-01 5.147239208000000232e+00 9.215576202000000383e-02
8.623768091000000302e-01 5.093403338999999974e+00 9.218280016999999549e-02
8.803476095000000168e-01 5.083053589000000372e+00 1.032326669000000058e-01
8.991525173000000093e-01 5.093863487000000134e+00 1.029243692999999987e-01
9.184923172000000191e-01 5.253160476999999773e+00 9.485118836000000497e-02
9.375897645999999863e-01 5.361651421000000362e+00 1.122228205000000006e-01
9.569643735999999734e-01 5.539589405000000077e+00 9.954151511000000618e-02
9.736237526000000031e-01 5.602262496999999897e+00 9.412828833000000395e-02
9.914930463000000138e-01 5.599195479999999669e+00 1.066641212000000033e-01
1.009119271999999956e+00 5.569453715999999943e+00 1.049790084000000040e-01
1.031389713000000041e+00 5.462462425000000010e+00 1.027156040000000020e-01
1.047426104999999996e+00 5.686433315000000377e+00 9.971303492999999962e-02
1.067677616999999968e+00 5.703158378999999556e+00 8.810234814999999553e-02
1.085529685000000022e+00 5.749966621000000444e+00 9.467925131000000383e-02
1.104081510999999960e+00 5.964293956999999757e+00 1.011332050000000038e-01
1.123039603000000053e+00 5.943727016000000418e+00 9.814562648999999861e-02
1.141951442000000094e+00 5.948017120000000268e+00 1.045846641000000021e-01
1.161041616999999970e+00 6.066381930999999561e+00 9.857790917000000541e-02
1.177422522999999943e+00 6.151069163999999923e+00 9.361913800000000452e-02
1.194948195999999907e+00 6.074587821999999804e+00 1.054261177999999965e-01
1.212345242999999906e+00 5.843091965000000165e+00 1.139040887000000030e-01
1.234355807000000027e+00 5.718233585000000119e+00 1.020113975000000034e-01
1.250026344999999983e+00 5.607184410000000341e+00 1.036314740999999956e-01
1.270000218999999930e+00 5.383432864999999623e+00 1.007134019999999935e-01
1.287679910999999899e+00 5.397988795999999923e+00 9.759877622000000252e-02
1.305927633999999893e+00 5.084101200000000098e+00 9.776498376999999407e-02
1.324453711999999950e+00 5.043481350000000418e+00 9.382496028999999516e-02
1.343124747000000063e+00 4.681908131000000139e+00 1.024359316000000020e-01
1.361877918000000021e+00 4.862372875000000150e+00 9.189295023999999312e-02
1.377936244000000032e+00 5.084251881000000139e+00 8.811368793000000366e-02
1.395071745000000085e+00 5.193213939999999695e+00 9.113563597000000349e-02
1.412190317999999944e+00 5.222295760999999814e+00 9.482436627000000173e-02
1.433876157000000040e+00 5.040393352999999799e+00 8.904084563000000396e-02
1.449141025999999943e+00 5.204262733000000196e+00 9.076642990000000077e-02
1.468780398000000043e+00 4.978993893000000170e+00 8.447408675999999728e-02
1.486234188000000067e+00 4.822542666999999561e+00 8.850473166000000225e-02
1.504126548999999979e+00 4.889961243000000124e+00 9.022681415000000094e-02
1.522173761999999986e+00 4.911904812000000398e+00 9.000709652999999699e-02
1.540548682000000058e+00 4.686629295000000361e+00 9.607977419999999547e-02
1.558912515999999915e+00 4.496582030999999979e+00 8.780203759999999358e-02
1.574604630000000061e+00 4.440097809000000062e+00 8.302673697000000075e-02
1.591305136999999981e+00 4.400156498000000305e+00 9.211970865999999369e-02
1.608096004000000079e+00 4.191814898999999706e+00 9.886918217000000009e-02
1.629394173999999973e+00 4.163139819999999602e+00 8.600770682000000167e-02
1.644215345000000106e+00 4.190082549999999628e+00 8.907379209999999325e-02
1.662088036999999963e+00 3.945446013999999835e+00 9.083914757000000062e-02
1.679473400000000005e+00 3.828660488000000139e+00 9.576299787000000507e-02
1.697392344000000053e+00 3.759273529000000114e+00 1.033459528999999960e-01
1.715978741999999890e+00 3.615792273999999917e+00 1.116472854999999986e-01
1.733282803999999899e+00 3.736243009999999920e+00 1.167744993999999953e-01
1.751523495000000041e+00 3.383730411999999799e+00 1.190163865999999959e-01
1.770826696999999950e+00 3.470775127000000015e+00 1.036984249999999969e-01
1.791955709000000008e+00 3.828988791000000003e+00 1.100968420999999947e-01
1.812436222999999957e+00 3.944304228000000023e+00 1.277750283000000098e-01
1.834578752999999951e+00 4.146566391000000351e+00 1.134578883999999982e-01
1.848074913000000041e+00 4.135214329000000077e+00 1.049513668000000011e-01
1.865506290999999983e+00 4.014066696000000434e+00 1.020955518000000034e-01
1.880774736000000003e+00 3.824342011999999791e+00 9.938821197000000107e-02
1.897589803000000019e+00 3.789294243000000062e+00 9.718808532000000611e-02
1.916210532000000022e+00 3.739802361000000186e+00 1.075589581999999989e-01
1.931488276000000059e+00 3.664553880999999791e+00 1.042884438999999996e-01
1.949167609000000079e+00 3.586917162000000214e+00 1.143904552000000047e-01
1.964060783000000088e+00 3.703113555999999917e+00 1.079862862999999978e-01
1.979665159999999924e+00 3.737964630000000010e+00 1.080410032999999936e-01
1.995085239000000010e+00 3.730667114000000062e+00 1.152313947999999977e-01
2.016269444999999827e+00 3.575525521999999956e+00 1.161411554000000013e-01
2.028972863999999987e+00 3.552343607000000070e+00 1.256262063999999956e-01
2.046644448999999977e+00 3.576784610999999892e+00 1.536149680999999989e-01
2.061071396000000000e+00 3.630292891999999938e+00 1.623769103999999908e-01
2.078706980000000204e+00 3.666297197000000008e+00 1.643154621000000037e-01
2.096744537000000186e+00 3.695246695999999886e+00 1.319132893999999945e-01
2.111582278999999840e+00 3.593854427000000129e+00 1.145420520999999997e-01
2.128763676000000160e+00 3.479185580999999861e+00 1.099408865000000013e-01
2.143183708000000021e+00 3.322517157000000054e+00 1.039862856000000058e-01
2.158274651000000155e+00 3.513232946000000023e+00 1.067228243000000049e-01
2.173230409999999946e+00 3.398925780999999979e+00 1.120589525000000031e-01
2.193763732999999938e+00 3.065177917000000196e+00 1.067918464999999956e-01
2.206030845999999990e+00 3.073087215000000150e+00 1.105445548999999944e-01
2.223115921000000217e+00 3.443934916999999984e+00 1.169215291999999989e-01
2.237109423000000152e+00 3.410551786000000085e+00 1.085815801999999997e-01
2.254182576999999910e+00 3.267721415000000018e+00 9.645449370000000466e-02
2.271590948000000054e+00 3.445868014999999840e+00 9.474981575999999461e-02
2.285946845999999866e+00 3.583710432000000168e+00 1.001692413999999975e-01
2.302580832999999938e+00 3.362911223999999866e+00 9.108953923000000230e-02
2.316488742999999850e+00 3.491529225999999930e+00 8.586627989999999488e-02
2.331027984999999969e+00 3.511244297000000181e+00 8.995595573999999595e-02
2.345478772999999961e+00 3.160828589999999938e+00 9.127319604000000419e-02
2.365304469999999881e+00 2.860362767999999889e+00 8.223969489000000632e-02
2.377104044000000194e+00 3.023142814999999928e+00 8.006735146000000525e-02
2.393557072000000119e+00 3.000503301999999817e+00 9.164375812000000177e-02
2.407077074000000039e+00 2.950497149999999902e+00 9.319243580000000082e-02
2.423540115000000217e+00 3.150701284000000157e+00 1.010252534999999952e-01
2.440273523000000111e+00 3.344757795000000034e+00 1.173431798999999970e-01
2.454108000000000178e+00 3.229371308999999801e+00 1.122408881999999997e-01
2.470147133000000217e+00 2.897952795000000137e+00 1.301481575000000002e-01
2.483506917999999786e+00 2.887876034000000036e+00 1.202921866999999978e-01
2.497457266000000065e+00 3.112973928000000168e+00 1.168375536999999992e-01
2.511362313999999873e+00 3.254399060999999982e+00 1.243603379000000064e-01
2.530424833000000095e+00 3.191158055999999910e+00 1.209063529999999942e-01
2.541728019999999866e+00 3.170287848000000075e+00 1.216410697000000068e-01
2.557505608000000041e+00 3.369781971000000098e+00 1.268614382000000096e-01
2.570512533000000044e+00 3.146023272999999953e+00 1.131384596000000048e-01
2.586319447000000160e+00 2.911272525999999861e+00 1.003734767000000055e-01
2.602335690999999951e+00 3.088498830999999889e+00 1.052915081000000003e-01
2.615609645999999788e+00 3.134077549000000129e+00 1.068001761999999993e-01
2.631007433000000173e+00 3.185560703000000160e+00 1.083589940999999945e-01
2.643784285000000178e+00 3.207978010000000157e+00 1.019734889000000061e-01
2.657110453000000039e+00 3.112121820000000039e+00 1.049649044999999975e-01
2.670430898999999858e+00 2.801810503000000008e+00 1.110249311000000016e-01
2.688678265000000067e+00 2.835022211000000070e+00 1.165477931000000050e-01
2.699455738000000160e+00 3.081298589999999837e+00 1.286272257999999946e-01
2.714517354999999910e+00 3.482343197000000057e+00 1.415776311999999981e-01
2.726972818000000132e+00 3.414944886999999873e+00 1.325959711999999957e-01
2.742079734999999907e+00 3.110248566000000103e+00 1.216632873000000059e-01
2.757337332000000085e+00 3.334974766000000201e+00 1.181181595000000001e-01
2.770014048000000173e+00 3.346650599999999809e+00 1.347185075000000010e-01
2.784725665999999933e+00 2.790376902000000214e+00 1.577776223000000033e-01
2.796886921000000026e+00 3.000685929999999946e+00 1.670033783000000049e-01
2.809555054000000052e+00 2.987627505999999933e+00 1.737908720999999934e-01
2.822252750000000088e+00 2.752943993000000145e+00 1.797392070000000119e-01
2.839633226000000121e+00 2.815373182000000085e+00 1.542578786999999896e-01
2.849859715000000016e+00 2.715858220999999961e+00 1.580094545999999878e-01
2.864165545000000090e+00 2.523992537999999897e+00 1.699261367000000078e-01
2.876033067999999915e+00 2.385130881999999897e+00 1.659997255000000005e-01
2.890397786999999941e+00 2.315494299000000034e+00 1.569013447000000006e-01
2.904857874000000173e+00 2.339857340000000008e+00 1.792186946000000058e-01
2.916901349999999837e+00 2.397303581000000072e+00 1.660745740000000026e-01
2.930884600000000173e+00 2.615669489000000070e+00 1.031479686000000007e-01
2.942397832999999796e+00 2.643287420000000054e+00 1.017910317000000064e-01
3.159792185000000142e+00 2.036554812999999964e+00 8.873476087999999928e-02
3.169398546000000039e+00 2.130260944000000212e+00 8.383764326999999794e-02
3.181264876999999824e+00 2.274955033999999987e+00 7.724594325000000428e-02
3.193201302999999935e+00 2.315379619999999861e+00 8.081142603999999507e-02
3.205040692999999941e+00 2.264260291999999897e+00 7.337451725999999397e-02
3.215201615999999873e+00 2.235798120000000111e+00 7.090412825000000363e-02
3.228017568999999920e+00 2.190141200999999871e+00 7.814648746999999784e-02
3.236635446999999832e+00 2.299549102999999928e+00 8.442249893999999311e-02
3.250172137999999933e+00 2.353279351999999935e+00 7.790055126000000607e-02
3.259703158999999850e+00 2.352841853999999788e+00 8.346112072000000381e-02
3.271749020000000119e+00 2.308987140999999799e+00 7.982923090000000610e-02
3.284390450000000072e+00 2.046438456000000183e+00 8.512258529999999768e-02
3.293335198999999935e+00 2.015257834999999886e+00 8.505176753000000256e-02
3.304376840999999843e+00 2.152576446999999948e+00 8.188812434999999390e-02
3.315474510000000041e+00 1.985492945000000065e+00 9.161125869000000255e-02
3.326474666999999830e+00 1.926618933999999950e+00 8.420406281999999465e-02
3.335908175000000142e+00 1.846086979000000072e+00 8.539121598000000424e-02
3.347797631999999801e+00 1.885494827999999901e+00 1.051679850000000055e-01
3.355786562000000028e+00 1.985777973999999890e+00 1.185356899999999991e-01
3.368325948999999930e+00 1.919857383000000084e+00 1.315073817999999894e-01
3.377146959000000059e+00 2.095156192999999778e+00 1.603471935000000126e-01
3.388288498000000093e+00 1.940444231000000075e+00 1.538910716999999928e-01
3.399969100999999938e+00 1.762814759999999925e+00 1.518690287999999999e-01
3.559470654000000067e+00 1.708744287000000028e+00 8.862771094000000682e-02
3.566138029000000209e+00 1.662869453000000108e+00 8.591222017999999849e-02
3.576582193000000132e+00 1.577906489000000079e+00 7.676964253000000127e-02
3.583913803000000176e+00 1.755996703999999964e+00 7.583598046999999454e-02
3.593155384000000119e+00 1.715682149000000045e+00 6.907568126999999447e-02
3.602820873000000201e+00 1.530968308000000055e+00 7.306656985999999965e-02
3.609640120999999979e+00 1.578522085999999991e+00 7.160428910999999674e-02
3.618033886000000088e+00 1.653836845999999916e+00 7.144549489000000253e-02
3.626444339999999933e+00 1.654583573000000030e+00 7.725183666000000338e-02
3.634753942000000126e+00 1.729516982999999897e+00 7.049450277999999570e-02
3.641858339000000111e+00 1.658626198999999968e+00 6.814806907999999830e-02
3.650782584999999969e+00 1.580281972999999951e+00 7.584188879000000605e-02
3.656760215999999897e+00 1.699636936000000098e+00 8.019086719000000085e-02
3.666112422999999954e+00 1.747483491999999972e+00 7.177129388000000332e-02
3.672668219000000178e+00 1.663044332999999986e+00 7.761113345999999524e-02
3.680919885999999863e+00 1.613626360999999898e+00 7.359971850999999510e-02
3.689537048000000041e+00 1.499482393000000080e+00 7.768741995000000289e-02
3.695607423999999863e+00 1.594131827000000001e+00 8.141152560999999344e-02
3.703069924999999873e+00 1.612512468999999893e+00 8.158336580000000171e-02
3.710535287999999987e+00 1.525807260999999970e+00 8.743605018000000229e-02
3.717898846000000201e+00 1.595510839999999986e+00 8.136627823000000537e-02
3.724184512999999974e+00 1.626212954999999960e+00 7.616770267000000372e-02
3.732067822999999951e+00 1.488360643000000039e+00 8.615426718999999456e-02
3.737340211999999884e+00 1.464314579999999921e+00 9.254930912999999315e-02
3.745573759000000003e+00 1.508249997999999925e+00 8.036489039999999973e-02
3.751335620999999954e+00 1.275370836000000008e+00 8.604981750000000040e-02
3.758575678000000142e+00 1.263469815000000107e+00 8.548732846999999857e-02
3.766120672000000003e+00 1.424836635999999990e+00 8.698497713000000187e-02
3.771425486000000049e+00 1.596907258000000107e+00 8.692678064000000648e-02
3.777935266000000070e+00 1.652127743000000093e+00 7.766009122000000486e-02
3.784145117000000003e+00 1.516063809000000040e+00 9.604992717999999430e-02
3.790702104999999822e+00 1.487743138999999992e+00 9.689060599000000329e-02
3.796364307000000160e+00 1.525539874999999990e+00 9.644492715999999910e-02
3.802220106000000044e+00 1.444533944000000014e+00 1.125161945999999941e-01
3.807700634000000139e+00 1.811523795000000048e+00 1.300533265000000105e-01
3.815265655999999783e+00 1.335551976999999946e+00 1.460232586000000110e-01
3.822333813000000191e+00 1.474005342000000107e+00 1.526343374999999947e-01
