418.07802044601345 0.15140967167169994 True 0.14784482758620693 -0.18189 0.020874 0.014147 0.0044505 0.066 2.0283
Negative Int. 0.14784482758620693 -0.1909845 0.020874 0.014147 0.0044505 0.066 2.0283  
414.9124242998478 0.14985789140943723 True 0.14784482758620693 -0.18189 0.021917700000000002 0.014147 0.0044505 0.066 2.0283
460.5707824479623 0.147475756525307 True 0.14784482758620693 -0.18189 0.020874 0.01485435 0.0044505 0.066 2.0283
424.91085511274343 0.15149573081069662 True 0.14784482758620693 -0.18189 0.020874 0.014147 0.004673025 0.066 2.0283
1186.2929432054455 0.2159828857928302 False 0.14784482758620693 -0.18189 0.020874 0.014147 0.0044505 0.066 2.1297150000000005
1380.1484081682447 0.21751441239444289 True 0.14784482758620693 -0.1727955 0.021291480000000005 0.014429940000000002 0.00453951 0.066 2.0688660000000003
848.1183472946208 0.19444809160629384 True 0.14784482758620693 -0.17734275 0.021187110000000002 0.014359205000000003 0.0045172575 0.066 2.0587245000000003
Negative Int. 0.14784482758620693 -0.18007109999999998 0.021416724 0.014514822000000004 0.0045662129999999995 0.066 1.9390547999999996  
746.9398114207601 0.19089286038403916 True 0.14784482758620693 -0.181435275 0.021009681000000002 0.0142389555 0.00447942825 0.066 2.08204995
3866.448786727528 0.09451813269880288 True 0.14784482758620693 -0.18625535999999998 0.021032642400000003 0.0142545172 0.0044843238 0.066 2.01937548
590.8645821499713 0.1783238001188005 True 0.14784482758620693 -0.1795709025 0.021148493100000002 0.014333033050000003 0.004509024075 0.066 2.0488872450000004
3844.580764327923 0.09372829051981198 True 0.14784482758620693 -0.18141708599999995 0.021265596240000004 0.014412397720000001 0.0045339913800000005 0.066 1.9827849480000008
540.9948207708393 0.17488599761628382 False 0.14784482758620693 -0.18143072775 0.021073659810000003 0.014282316055 0.0044930690325 0.066 2.0572336995000002
775.7827828786936 0.12514506757727628 False 0.14784482758620693 -0.18402538860000003 0.021096850824000004 0.014298033371999998 0.004498013537999999 0.066 2.0192862348
478.2777729552773 0.16758214404297653 True 0.14784482758620693 -0.18068452402500002 0.021135582531 0.014324283130500002 0.00450627144075 0.066 2.0414869924500003
708.4955630279458 0.12678692276739084 True 0.14784482758620693 -0.18186708186000003 0.0211964532024 0.0143655371972 0.004519249543799999 0.066 2.0046410974800004
456.68491823740464 0.16491394225314493 True 0.14784482758620693 -0.1815398162775 0.021104358158100002 0.01430312134055 0.004499614160325 0.066 2.0440855489950005
527.3984469370873 0.13639942692452334 True 0.14784482758620693 -0.182955402486 0.021122040732240006 0.014315105405719999 0.004503384223379999 0.066 2.021427227148
434.9325145215118 0.16071094505275427 False 0.14784482758620693 -0.18125224364025 0.021132197081310002 0.014321988699305 0.0045055496364075 0.066 2.0364720511245
469.7796811344913 0.1628445201668148 True 0.14784482758620693 -0.18149482396709998 0.021486902095764007 0.013572094015942 0.004581175518693 0.066 2.037883040047801
424.0255205340964 0.1519039257194378 True 0.14784482758620693 -0.181791205991775 0.021027225523941002 0.0145337860039855 0.00448316887967325 0.066 2.0306957600119504
470.4366915868598 0.13991077182696407 True 0.14784482758620693 -0.18194556357531005 0.0212256908840004 0.0142155885407662 0.004525483246107301 0.066 2.01674157545958
428.67940759792 0.1592199388995007 True 0.14784482758620693 -0.1816412531019525 0.0211346913395751 0.014281238140604051 0.0045060814317705745 0.066 2.0372495556111456
437.994740974922 0.14438186784930285 True 0.14784482758620693 -0.18238873999724103 0.02119884966409644 0.01418042095853082 0.004519760488170029 0.066 2.0246660751247383
421.7348230809188 0.15687339678832096 True 0.14784482758620693 -0.18153636772949777 0.021148860227006613 0.014286596764111455 0.004509102349348132 0.066 2.0335205571245596
434.47344859429603 0.14505182301548789 True 0.14784482758620693 -0.18195777638655658 0.021202022960803944 0.014223314966634731 0.004520437059837979 0.066 2.0223969712434586
419.5010944286412 0.15586302871811092 True 0.14784482758620693 -0.18172038392310352 0.021151524244882314 0.014266757347111721 0.0045096703387874255 0.066 2.0335364095192237
414.34586553384247 0.154888213191853 True 0.14784482758620693 -0.1816411830577505 0.021573723998331972 0.014405456046083467 0.004288151627123523 0.066 2.033441090662293
419.57370079400346 0.15638837741249834 True 0.14784482758620693 -0.18151677458662574 0.02192358599749796 0.014534684069125198 0.004095714940685285 0.066 2.0360116359934395
423.0961710653872 0.15548356088404264 True 0.14784482758620693 -0.18167996789236568 0.021639097864147357 0.013967338058937157 0.004400000846430382 0.066 2.0321434629104798
416.94448119400187 0.15469883082346836 True 0.14784482758620693 -0.181707777417218 0.021486129779095774 0.014108950045199242 0.004420792854741099 0.066 2.0317815371858474
412.4901869302446 0.14976708422775176 True 0.14784482758620693 -0.18200337002973105 0.021652370981917413 0.014143468611246315 0.004338743578912687 0.066 2.028623057822386
419.039629650135 0.14594583181408594 True 0.14784482758620693 -0.18223687117984766 0.021904126359372805 0.014071904534813742 0.004253564193694964 0.066 2.0261743081712993
414.36253044445755 0.14826532564146913 True 0.14784482758620693 -0.1819325482787763 0.021850045658855753 0.014113992533899894 0.004269804885523497 0.066 2.0266418647489877
426.61045946873196 0.15126551991931653 True 0.14784482758620693 -0.18177995151339033 0.022517988167280362 0.01422054689457157 0.00425669717852032 0.066 2.031215020167805
412.6949099838442 0.15152605093849603 True 0.14784482758620693 -0.18186248787834758 0.02128499704182009 0.014165386723642892 0.00440204929463008 0.066 2.0290287550419515
416.1800030211716 0.14692386477444228 True 0.14784482758620693 -0.18202405828062418 0.02182540529327432 0.014281171520749786 0.004278906899734815 0.066 2.0266323701244
412.97215684865284 0.14893279015732655 True 0.14784482758620693 -0.18194498806477266 0.021740586414729684 0.01423811615186215 0.004314378388486386 0.066 2.027919661889762
410.1917236587469 0.15153421577258439 True 0.14784482758620693 -0.18186383092375125 0.02132298963826196 0.01427956802669389 0.00419475110987047 0.066 2.029961772066151
410.21871151604086 0.15232378368438315 True 0.14784482758620693 -0.18185074638562693 0.021025634457392937 0.014345852040040838 0.004066876664805706 0.066 2.0307926580992266
414.5131307121662 0.15428495726294228 True 0.14784482758620693 -0.18179379570296494 0.021179821571168697 0.014378805689911596 0.0043454247140857615 0.066 2.03294787024403
412.0008111040986 0.14983085740885357 True 0.14784482758620693 -0.18189786013482345 0.02168248963693399 0.014180195822902818 0.0042887098426640635 0.066 2.028218366122748
419.8493994034701 0.1455687751000881 False 0.14784482758620693 -0.1821878317548199 0.021499649487133284 0.013997238088455759 0.004327301258701952 0.066 2.024059554514906
411.6480262265961 0.15263365999766607 True 0.14784482758620693 -0.18177784523201784 0.0215552053705323 0.01430340155667654 0.00429793903501813 0.066 2.0310957066254463
411.72989759682366 0.15316024794649322 True 0.14784482758620693 -0.1818171696146958 0.021258634653056618 0.014190692144602831 0.004294498755951786 0.066 2.0308514011817116
410.9533182543468 0.15123186224684593 True 0.14784482758620693 -0.18188154249566013 0.021703679070460828 0.014273543741206063 0.004163807634336775 0.066 2.030471366485425
410.4522949190396 0.15358571397613696 True 0.14784482758620693 -0.18169192933064832 0.021356828365780865 0.014347491905586542 0.0041571389722238035 0.066 2.031616387170206
411.9258759361821 0.15498202161091795 True 0.14784482758620693 -0.18171506690388584 0.021196445202303044 0.014377683127003528 0.004154544360296324 0.066 2.0333802872888285
410.84499452706933 0.15371962242576157 True 0.14784482758620693 -0.18176076521162027 0.021317956310960777 0.014328311300978351 0.004188085730888258 0.066 2.0320898069973086
409.67973400302617 0.15192311144980902 True 0.14784482758620693 -0.18177319566278333 0.021644028849342082 0.01442223446785372 0.004106190236983187 0.066 2.031242614556103
409.5997504307822 0.15127560121032446 True 0.14784482758620693 -0.18175120868682704 0.02183672594748482 0.014538005629479163 0.004012035977498888 0.066 2.031438221243299
408.37618702996826 0.15192233127025925 True 0.14784482758620693 -0.18180186542738497 0.021460066362647405 0.014403366684901062 0.003988388734909148 0.066 2.0311353149595104
407.58434475708236 0.15154432440909588 True 0.14784482758620693 -0.18181387552506856 0.021412496858704957 0.014453349249013325 0.0038336135848546574 0.066 2.0311551191265425
409.04581624625297 0.15342610696519546 True 0.14784482758620693 -0.18167110137550602 0.02119511977801653 0.014505146703494442 0.003990442515797656 0.066 2.0320331561559777
408.3341223568318 0.1508149759080625 True 0.14784482758620693 -0.1817560131251002 0.02153170792433888 0.014521113304728597 0.003887107133209931 0.066 2.0303920553075625
409.61393559161127 0.14980986984394187 True 0.14784482758620693 -0.18185048252385289 0.02156278769294199 0.014571381259777227 0.0038100411562688374 0.066 2.0303757423896074
407.94162047699956 0.15119385355153117 True 0.14784482758620693 -0.18167324157079057 0.0216925456423329 0.014756030431903211 0.0036185450371815173 0.066 2.032195945623044
408.4472611578542 0.1534832051792054 True 0.14784482758620693 -0.18161569358946406 0.021504650767409247 0.014538076867670268 0.003926656543148222 0.066 2.032510056592962
407.0632132132535 0.15291303915718737 True 0.14784482758620693 -0.18166076138754472 0.021097882440836185 0.014571480993244772 0.003690509948177905 0.066 2.0318763118791363
408.37469334331416 0.15368114494395588 True 0.14784482758620693 -0.18161553773790362 0.02072846068751187 0.014588218675127579 0.003529746933517413 0.066 2.032095357197055
409.0786433338387 0.15048226418317392 False 0.14784482758620693 -0.18173673270368118 0.02170059367543234 0.014630873635129627 0.003592130382831236 0.066 2.0312186392557208
407.6999521871927 0.15272660605162083 True 0.14784482758620693 -0.1816875092075498 0.021321488252370485 0.014536578436403238 0.0038908644825560506 0.066 2.0318295269309132
409.55086012026175 0.1501561489985653 True 0.14784482758620693 -0.18182086673695746 0.02131779768002412 0.014597344098446987 0.003641599531243802 0.066 2.0304695269539166
407.5129433687055 0.15267292632124174 True 0.14784482758620693 -0.18166698687633742 0.021457937495562966 0.014552893675364447 0.0038553922901721173 0.066 2.031999924183201
406.7535914954395 0.15361152492435862 True 0.14784482758620693 -0.18164493670181625 0.021261232351584114 0.014627019809643002 0.003668463003966967 0.066 2.033230675789573
406.9395421156612 0.1549885616792401 True 0.14784482758620693 -0.1815893984901743 0.021125994565206724 0.014679973062100202 0.003559140939345484 0.066 2.034649986030578
409.2249036713866 0.1541221109739722 False 0.14784482758620693 -0.18171638630853615 0.02092786931729058 0.014340498433564303 0.003956992286709562 0.066 2.031840677540702
407.1428667764503 0.15195652056441902 True 0.14784482758620693 -0.18168402775522696 0.02150137656107232 0.014652147432318484 0.0037031568495635285 0.066 2.0321071286024583
406.72822967257775 0.15234856952616457 True 0.14784482758620693 -0.18170072609084778 0.02137088203073373 0.014606178027430375 0.003609589788138019 0.066 2.0323181369014502
407.00078561887904 0.15213712941687477 True 0.14784482758620693 -0.1817073345324967 0.02139557891991535 0.014640977822943942 0.0034689524409290042 0.066 2.0325624418867188
406.50769887351044 0.15385635661734134 False 0.14784482758620693 -0.18152909999964068 0.021263227493210766 0.014750538726187108 0.003577231167152757 0.066 2.033457751815786
406.74000449680835 0.1549947258767874 False 0.14784482758620693 -0.1813867122369267 0.021188592810463674 0.014899133464773999 0.003449039958301807 0.066 2.0346090681604077
406.5909126856421 0.1531938669704433 True 0.14784482758620693 -0.18162083389769312 0.02113990285541188 0.01473005232016505 0.0034441880126275543 0.066 2.0331960778121605
406.7265136013117 0.15440209920972375 True 0.14784482758620693 -0.18157851547579007 0.02095187430763835 0.01466196051834964 0.003492835918461752 0.066 2.033524453076784
406.35365028362577 0.1540496344574494 True 0.14784482758620693 -0.18156888347877043 0.021296965174595353 0.014778818767465295 0.0034264132079609147 0.066 2.034414526279165
406.78204363822607 0.154598375989467 False 0.14784482758620693 -0.18152294452438333 0.02139650654147493 0.014882487654575553 0.0032943648378524187 0.066 2.035683633479179
406.5597345080759 0.1535275872401099 True 0.14784482758620693 -0.18155428687528052 0.021147908393051917 0.014783999534195983 0.0033516402337694312 0.066 2.0335337025645654
407.15142220857786 0.15524495093152793 True 0.14784482758620693 -0.18143992180002214 0.020949069258829577 0.014875969919114853 0.003307333627850945 0.066 2.034932467717934
406.4024115789063 0.15308270870220136 True 0.14784482758620693 -0.18163552501814137 0.021265428837757692 0.014673626000351495 0.0035340257480662505 0.066 2.0329717196055714
406.72942641173654 0.15266425381771997 True 0.14784482758620693 -0.18158493623202043 0.021493498793972696 0.014824853620996333 0.00344056342936901 0.066 2.033505058154115
406.34462209980364 0.15397712497248478 True 0.14784482758620693 -0.18158012066484766 0.021087280429221936 0.014702683794011313 0.0034797677961885664 0.066 2.033519604346117
406.3472894446658 0.15420306689116134 True 0.14784482758620693 -0.18152633251697914 0.021284421275723196 0.014745814408719428 0.0035034432486276135 0.066 2.033962844032322
406.86527712473986 0.15412842945490696 True 0.14784482758620693 -0.18158169779607114 0.021331020891151665 0.014676593144497868 0.003656712233429009 0.066 2.033796875867019
406.36191325749655 0.15368366000135036 True 0.14784482758620693 -0.18156113960547818 0.021193686517576853 0.014757147936771454 0.0034279082336843257 0.066 2.033599495890179
406.29904017719025 0.1537390629108607 True 0.14784482758620693 -0.18161970051404602 0.02118788540073925 0.014712697636740484 0.0033713921266583114 0.066 2.033929524245555
406.5350732070343 0.15367014301555157 True 0.14784482758620693 -0.1816650007712487 0.021150214354503497 0.01469377709201717 0.0032684726064110894 0.066 2.0341654104604396
406.4560355456084 0.15477647014156343 True 0.14784482758620693 -0.1815069456939072 0.021154666681384937 0.01480523901713169 0.003349544097181643 0.066 2.0347986783117644
406.3177040481284 0.15350829151351067 True 0.14784482758620693 -0.18160338018708283 0.021237738298664502 0.014706529254546543 0.0034879053353450984 0.066 2.0334284592821197
406.37976689001744 0.15410813694780642 True 0.14784482758620693 -0.18159822733921224 0.021244029714000842 0.01470146960782177 0.0034796604522278765 0.066 2.0341024873839317
406.30325017780103 0.15379067154479845 True 0.14784482758620693 -0.18157041153891168 0.021206272316682852 0.014743228354534033 0.003440846288320213 0.066 2.033725243763617
406.3504131576635 0.1536376577416909 True 0.14784482758620693 -0.18159109468997653 0.02110447391381734 0.014665562611955424 0.0034869287100950065 0.066 2.0330117439887276
406.30164108315654 0.15374172983074516 True 0.14784482758620693 -0.18158554188717502 0.02115259672901184 0.01469387665083289 0.003471799834561484 0.066 2.033362439561337
406.53559559370245 0.15329551956799334 True 0.14784482758620693 -0.18165732939984613 0.02106428799400496 0.014677791867546674 0.0033972413038018566 0.066 2.0332232644471757
406.25375969812217 0.1539784461291841 True 0.14784482758620693 -0.1815590817376959 0.021229387955293638 0.01472880877342624 0.0034768927624211745 0.066 2.0337779491360353
406.37517230362687 0.1535207702334519 False 0.14784482758620693 -0.181595125681117 0.021318271850934892 0.014731372474020763 0.003419766742733946 0.066 2.0337698420493493
406.32361920656064 0.15386508835857965 True 0.14784482758620693 -0.181583871918915 0.021145028284650175 0.014709855964013675 0.0034647675328249115 0.066 2.033582163771925
406.30263173299284 0.15363748084048223 True 0.14784482758620693 -0.18159137442704965 0.021260523995506653 0.0147242003040184 0.0034347670060976008 0.066 2.033707282623541
406.2716465127954 0.15404755244763482 True 0.14784482758620693 -0.18156706385486848 0.021176928260229183 0.014734595433274277 0.0033903738718784144 0.066 2.0339725164499134
406.2693466160295 0.1538682047737265 True 0.14784482758620693 -0.1815986934294223 0.02119665661962937 0.014694443164782882 0.003417243952326581 0.066 2.0337746410429363
406.28365731250994 0.15411279816209075 True 0.14784482758620693 -0.1815806581422335 0.021116857990454665 0.01470156835960431 0.0034163140130407848 0.066 2.0338195455507693
406.3394129066705 0.15415489242580277 True 0.14784482758620693 -0.18158453718413148 0.021210489761526605 0.014734968696298386 0.0033570868559686224 0.066 2.0343472310087467
406.2765051078371 0.15384617806311565 True 0.14784482758620693 -0.18158529071141413 0.021167069987140533 0.014704149662199264 0.003443121589913269 0.066 2.0336086374231894
406.31889943070973 0.15419918526167653 True 0.14784482758620693 -0.18153661463620774 0.021166874924359702 0.01471272852057431 0.003486186349173778 0.066 2.033651791595582
406.2637533487949 0.15385553645444885 True 0.14784482758620693 -0.18159892904458647 0.021182632781644364 0.01471270535769894 0.003400090682287178 0.066 2.0338600910830618
406.30256733722615 0.15372506697495683 True 0.14784482758620693 -0.18158296536896146 0.02126421225112017 0.014728312596948331 0.0034347751304898613 0.066 2.033777988503285
406.27408785162504 0.15401626655937392 True 0.14784482758620693 -0.18158123494891548 0.021153696555621042 0.014708254418940315 0.0034209292924030537 0.066 2.033809156288898
406.29132230297193 0.15406014675090032 True 0.14784482758620693 -0.18157671049478133 0.021208650881826503 0.014727373197049795 0.003399090634613291 0.066 2.034069104177149
406.2665866939529 0.15389998023184706 True 0.14784482758620693 -0.18158314565725592 0.021177465210812027 0.014709955545911896 0.003432113851088274 0.066 2.033723754111679
406.2840044679584 0.15384380610904497 True 0.14784482758620693 -0.18158153054061615 0.02123153177542239 0.014723948891097382 0.0034257567555975943 0.066 2.0338344244405526
406.26527382843835 0.15397336364522282 True 0.14784482758620693 -0.18158130884684065 0.021173155360571377 0.014712178036979582 0.003422136158201689 0.066 2.0338154733268117
406.28028417547 0.15378269985551668 False 0.14784482758620693 -0.181601399631452 0.02120679091095113 0.014688640918245538 0.0034690170906515423 0.066 2.0336082470302967
406.2720142026995 0.15398152821091224 True 0.14784482758620693 -0.18157564779901436 0.021184393922909668 0.014723106804517092 0.0034100346765716964 0.066 2.0338814490950092
406.2773210183688 0.15391749409042263 True 0.14784482758620693 -0.1815790053911412 0.021206010368469003 0.01472075706556259 0.003438491722354176 0.066 2.0338190201095485
406.29024488474045 0.15397604769271134 True 0.14784482758620693 -0.18157019529226825 0.021201271657932508 0.01472049340520291 0.0034495144603114316 0.066 2.0337967112314237
406.2906000791469 0.15393935061381933 True 0.14784482758620693 -0.18157111369747592 0.021203426583052833 0.014719382159669068 0.0034545033067547243 0.066 2.033750851623857
406.28128255772407 0.15392370311851758 True 0.14784482758620693 -0.1815788875835591 0.021213022287461504 0.01471162596910456 0.0034470683573738776 0.066 2.0337762950894858
406.2871804380595 0.15401335558554702 True 0.14784482758620693 -0.1815630727962822 0.02120315810776141 0.014731702103350258 0.0034336333171497944 0.066 2.0338752327929743
406.2911991795861 0.15398435394132418 True 0.14784482758620693 -0.18156898342290273 0.02121771356771439 0.014725972766989557 0.0034437369410894566 0.066 2.0338672317199293
406.28959870941935 0.15395061892818684 True 0.14784482758620693 -0.18157058112883262 0.02120699832921822 0.01472102981149919 0.0034518117153384074 0.066 2.033779946647875
406.28987845985534 0.1539375020582792 True 0.14784482758620693 -0.18157005616273614 0.021222159161348994 0.014725076083974227 0.0034496446895435407 0.066 2.0338146662789436
406.2893130720046 0.15394715106680915 True 0.14784482758620693 -0.18157009094511917 0.02121693728549487 0.014723930414281399 0.0034496121322355137 0.066 2.0338101775170636
406.29068585529404 0.153961543332121 True 0.14784482758620693 -0.18156947425268644 0.02122040807257395 0.014725699918790826 0.003446467601275407 0.066 2.0338435232101673
406.28956269877085 0.1539533585281954 True 0.14784482758620693 -0.18157030440979607 0.021210350765057152 0.014722197338322099 0.0034504756868226575 0.066 2.033795840788448
406.28965169865234 0.15395882414458154 True 0.14784482758620693 -0.18156975097172298 0.021217055636735017 0.014724532391967918 0.003447803629791157 0.066 2.0338276290695942
406.28960487987865 0.1539547253775578 True 0.14784482758620693 -0.18157016605027781 0.02121202698297662 0.014722781101733553 0.0034498076725647826 0.066 2.0338037878587345
406.29790116715645 0.15394807258468715 True 0.14784482758620693 -0.18156904356441855 0.02121769916188132 0.014724782919494413 0.003457692242387675 0.066 2.0337984846227917
406.3045646609394 0.15395091850478132 True 0.14784482758620693 -0.18156898466062749 0.02122120512137757 0.0147202173712654 0.003461980559897526 0.066 2.0337771221127605
406.3036379549885 0.15399593487813754 True 0.14784482758620693 -0.18156107726698906 0.021216273031527524 0.014730255438388249 0.0034552630397854845 0.066 2.033826590964505
406.3098766796983 0.15396260386266936 True 0.14784482758620693 -0.18156458634140754 0.021223162620394254 0.01472636959385382 0.003463252447328344 0.066 2.0337940633265497
406.30942436827667 0.15396569806699187 True 0.14784482758620693 -0.18156469307374598 0.021219869360175395 0.014725503055874169 0.003463684224621916 0.066 2.0337868949622417
406.3094777870969 0.15397277769458953 True 0.14784482758620693 -0.1815645657799832 0.021218611231707922 0.014725457429525569 0.003462952684317166 0.066 2.0337927533927838
406.30941955367075 0.15397023438514712 False 0.14784482758620693 -0.18156457092033926 0.021219749078879503 0.01472568547060763 0.00346302762506996 0.066 2.033793080876225
406.30992270098665 0.15397149828225987 True 0.14784482758620693 -0.18156441018628208 0.02122185637940843 0.014726396933398602 0.003462258267202811 0.066 2.033802396122685
406.30939481241677 0.15396714813020898 True 0.14784482758620693 -0.18156462235188 0.021220366114983652 0.014725726525255278 0.0034633277352671397 0.066 2.0337907702523523
406.30989441572507 0.1539657279086434 True 0.14784482758620693 -0.18156455291230508 0.021222223475145977 0.014726230940524198 0.0034630349108336405 0.066 2.033795285959153
406.309393234884 0.15396910760333352 True 0.14784482758620693 -0.18156456641833071 0.02122036767794612 0.014725821838086772 0.0034630294465108798 0.066 2.033793632146957
406.3099159286829 0.15396959805600188 True 0.14784482758620693 -0.18156447910734466 0.021221607064226815 0.014726228011009153 0.0034626154851339556 0.066 2.033798741340867
406.3093815251234 0.1539677604030137 True 0.14784482758620693 -0.18156458654074617 0.021220676352294444 0.014725851896693747 0.003463149672733844 0.066 2.033792763024481
406.30990628770815 0.15396709984905402 True 0.14784482758620693 -0.18156454308986011 0.021221728971003682 0.01472614472162045 0.003462961864379401 0.066 2.0337955317972716
406.30993641624957 0.15396860666384513 True 0.14784482758620693 -0.18156456058621306 0.02122070800121051 0.014725902558970192 0.0034630125509780103 0.066 2.033794107059536
406.24390994225485 0.1539631978590677 True 0.14784482758620693 -0.18156406265105723 0.02122354355858748 0.014726795846460326 0.0034672925024044248 0.066 2.0337882168794135
406.2461502509245 0.15398716213590818 True 0.14784482758620693 -0.1815600795023425 0.02122283049341058 0.014729532105907245 0.0034660779011033297 0.066 2.03380227005027
406.24496932307665 0.1539647505063401 True 0.14784482758620693 -0.1815640331991617 0.021225296538335603 0.014724513072345818 0.00346943666115935 0.066 2.033777535624398
406.2478090866152 0.15397316411147202 True 0.14784482758620693 -0.18156183413922103 0.02122503215379404 0.014727330335059994 0.003470021217577509 0.066 2.033785356080258
406.2478151927592 0.1539738376757721 True 0.14784482758620693 -0.1815618240780133 0.02122487781661988 0.014727315305756505 0.003469961104466027 0.066 2.0337857906414962
406.3068474939473 0.15396626921868534 True 0.14784482758620693 -0.1815656516902224 0.021219244269005393 0.014725385892785717 0.0034602229922630814 0.066 2.0337977185742986
406.2513848225892 0.15397540777028978 True 0.14784482758620693 -0.18156072422582753 0.02122685203372158 0.014727953053266109 0.003472725319881651 0.066 2.0337828914956013
406.3107752101392 0.15396927409704142 True 0.14784482758620693 -0.18156400920209076 0.021221780190577452 0.014726241612945848 0.003464390434802605 0.066 2.0337927762147325
406.2486809429032 0.15397391696985768 True 0.14784482758620693 -0.18156154546989334 0.021225584072935545 0.014727525193186044 0.0034706415986118892 0.066 2.033785362675384
406.2435587521189 0.15397092795525755 True 0.14784482758620693 -0.18156318795802495 0.021223048151363486 0.014726669473025913 0.0034664741560723666 0.066 2.03379030503495
406.3107752101387 0.15396927409849476 True 0.14784482758620693 -0.1815640092020907 0.021221780190577452 0.014726241612945844 0.003464390434802605 0.066 2.0337927762147334
406.2416025501972 0.15396989026550886 True 0.14784482758620693 -0.18156345490190962 0.021223022541576597 0.014726621027363215 0.0034657598708607656 0.066 2.0337916828262204
406.31050651003255 0.15396768740521083 True 0.14784482758620693 -0.1815642703138578 0.021222094904054953 0.014726273888166573 0.0034636592540581356 0.066 2.0337946289185824
406.3104364155657 0.15396902960502207 False 0.14784482758620693 -0.18156409314577734 0.02122206435951546 0.01472632227498101 0.003463995219062586 0.066 2.0337946480858426
406.24600676714294 0.15397217106513691 True 0.14784482758620693 -0.18156239889086012 0.021224290205224396 0.014727078320040249 0.0034685147179487784 0.066 2.0337876790816543
406.3077920834567 0.15394895346793588 True 0.14784482758620693 -0.18156677553806294 0.021224849904624442 0.014723138989786961 0.0034689132622749436 0.066 2.0337718977283847
406.2451515028097 0.15397767099569226 True 0.14784482758620693 -0.1815617535112726 0.021223335346214046 0.014727933826877173 0.003466786741396233 0.066 2.0337946769697988
406.3117751597227 0.15396622865649776 True 0.14784482758620693 -0.18156419799771029 0.021223008249206487 0.014725934978388727 0.003465785254808478 0.066 2.033789287852257
406.24501339920454 0.1539707250667303 True 0.14784482758620693 -0.18156284866757266 0.02122396971621992 0.014726792484627368 0.0034678323521637033 0.066 2.033788081274305
406.2429227440921 0.15395810645706318 True 0.14784482758620693 -0.18156528143981784 0.02122421685621919 0.014724622934651887 0.0034679314756680107 0.066 2.033779651685916
406.3069779192928 0.15395976706250383 True 0.14784482758620693 -0.18156515939241585 0.021223681342213023 0.0147248964569115 0.003466925514302263 0.066 2.033782875546054
406.244297085825 0.15396804551711998 True 0.14784482758620693 -0.18156342634878347 0.021223897622718195 0.0147263184776984 0.0034676056426983432 0.066 2.0337867798422424
406.2472419167082 0.1539673735023793 True 0.14784482758620693 -0.18156373212067556 0.02122179495385037 0.01472789803133408 0.003464588797922215 0.066 2.0337971188830997
406.24419600037345 0.15396538791523678 True 0.14784482758620693 -0.18156395792954017 0.021224421142214296 0.014725359312092883 0.0034682246953500664 0.066 2.0337824314390733
406.2426060084182 0.1539629401611438 False 0.14784482758620693 -0.18156455160335644 0.021223403277266226 0.014725708959739289 0.00346666743744391 0.066 2.0337861353039868
406.24701083126337 0.15396470006495738 True 0.14784482758620693 -0.18156425749212624 0.021222472611790895 0.01472680798440337 0.003465425481629725 0.066 2.033791965253122
406.2436568981732 0.15396519575830678 True 0.14784482758620693 -0.18156403282018668 0.021223934009608446 0.014725721480170505 0.003467524891919981 0.066 2.0337848148925852
406.3070864799029 0.15396736853002282 True 0.14784482758620693 -0.181564140838261 0.021223506375826096 0.014724941703519998 0.00346645063038159 0.066 2.0337848190180496
406.243490930154 0.15396430049565257 True 0.14784482758620693 -0.1815640821978582 0.021223534262897133 0.014726332310725244 0.0034670820343987163 0.066 2.0337873674140727
406.2413400529836 0.15396529871126127 True 0.14784482758620693 -0.1815641904202001 0.021222956026120607 0.014726260402031711 0.003466041097857527 0.066 2.0337892420134738
406.3115512712143 0.15396512306020196 True 0.14784482758620693 -0.18156426922020685 0.02122246703437669 0.014726529862962315 0.0034652992008263 0.066 2.033791455573918
406.30690955068144 0.15395701016146088 True 0.14784482758620693 -0.18156543626723187 0.02122380503426842 0.014725148780778628 0.003466918610419206 0.066 2.033783326662518
406.24319239837763 0.1539675083236047 True 0.14784482758620693 -0.18156375003532668 0.02122323737208972 0.014726289299964092 0.0034665852696590766 0.066 2.0337885604418418
406.30684707314765 0.1539649209640153 True 0.14784482758620693 -0.1815644091623861 0.02122320016641181 0.014725468738774837 0.0034661120261970007 0.066 2.0337867414945023
406.2431303722201 0.15396451536189185 True 0.14784482758620693 -0.18156416393899016 0.021223450738775802 0.014726116417737642 0.003466839532348287 0.066 2.03378721093418
406.3071203690528 0.15396051606389732 True 0.14784482758620693 -0.18156490688638302 0.021223582403893652 0.014725442596645408 0.0034667104960123237 0.066 2.033785008663669
406.2429757378581 0.15396581990299688 True 0.14784482758620693 -0.18156403924809078 0.021223323630040702 0.014726077624134422 0.0034666165762473884 0.066 2.0337876724972985
406.307118020455 0.15396403093110222 True 0.14784482758620693 -0.18156444310635977 0.02122331819371353 0.014725599961430571 0.0034663670508827543 0.066 2.033786542796578
406.24292974322 0.15396445386901156 True 0.14784482758620693 -0.18156423373083258 0.021223417602510234 0.014725987303660874 0.003466721411981904 0.066 2.0337870438997796
406.2424670003315 0.1539624184346421 True 0.14784482758620693 -0.18156464559035584 0.02122348289143644 0.014725602626844369 0.0034666319412774596 0.066 2.033785829794452
406.30711393004805 0.15396273181788953 True 0.14784482758620693 -0.18156461585142336 0.021223415034537393 0.014725539076591316 0.0034664913172611656 0.066 2.03378597274984
406.24277891366603 0.15396408301011624 True 0.14784482758620693 -0.18156432926098026 0.021223416960517022 0.014725875246893484 0.0034666638883017195 0.066 2.0337867761122945
406.2472221624341 0.1539717894585933 True 0.14784482758620693 -0.18156318727090306 0.021222295822547567 0.014727404370496945 0.0034647742186285427 0.066 2.033796214734255
406.2427569550352 0.1539615070328165 True 0.14784482758620693 -0.18156475789758914 0.021223736597801284 0.014725318293613152 0.0034671421614081437 0.066 2.0337837924480007
406.2424179687565 0.15396470127701556 True 0.14784482758620693 -0.18156431090438424 0.02122322357316344 0.01472592927694321 0.003466233115237404 0.066 2.033787896842159
406.24720407954754 0.15396863694077198 True 0.14784482758620693 -0.1815637034704934 0.021222698726024034 0.014726730623555569 0.0034653912236626834 0.066 2.033792522264117
406.2426427958038 0.15396326904167074 True 0.14784482758620693 -0.1815644942908152 0.02122347712985697 0.014725671376098756 0.0034667044269717784 0.066 2.0337859749020297
406.2413075175765 0.15396683991661264 True 0.14784482758620693 -0.18156396707726732 0.02122295819396835 0.014726377541069965 0.0034658289580990487 0.066 2.033790339810088
406.24720407954743 0.15396863693948393 True 0.14784482758620693 -0.1815637034704934 0.021222698726024045 0.014726730623555569 0.003465391223662684 0.066 2.0337925222641173
406.24727274621864 0.15396874500824678 True 0.14784482758620693 -0.18156367595429046 0.02122285401323995 0.014726607389961698 0.003465530555888972 0.066 2.0337918612105703
406.24254934769374 0.15396437085715448 True 0.14784482758620693 -0.18156433269108996 0.021223265961259657 0.014725933567294892 0.003466383217055176 0.066 2.0337875667806324
406.24132559072973 0.15396727919666736 True 0.14784482758620693 -0.18156389486655694 0.02122299132924652 0.014726382782406094 0.0034658147762777064 0.066 2.0337904297339247
406.2474109854007 0.15397119212089339 False 0.14784482758620693 -0.18156328167777147 0.021222577774193764 0.014727025785081307 0.0034652391860555214 0.066 2.0337940066958935
406.2424775036791 0.1539645913630776 True 0.14784482758620693 -0.18156430461220974 0.02122325661212577 0.014725958416403603 0.003466283752471975 0.066 2.0337878740198123
406.24131652502564 0.15396705956998885 True 0.14784482758620693 -0.18156393097191215 0.021222974761607435 0.01472638016173803 0.0034658218671883775 0.066 2.033790384772006
406.2413235892584 0.15396606933429136 False 0.14784482758620693 -0.1815640787487337 0.021222957110044478 0.014726318971550838 0.003465935027978288 0.066 2.033789790911781
406.2414544446465 0.15396836509384398 True 0.14784482758620693 -0.18156371098958846 0.021222990367772473 0.01472649928421659 0.0034657944144799073 0.066 2.0337910113181543
406.2413038427962 0.15396579414319528 True 0.14784482758620693 -0.1815641389908258 0.021223090883565894 0.014726153409006588 0.0034660310366682262 0.066 2.0337891183261236
406.2424436728835 0.15396460567903372 True 0.14784482758620693 -0.1815643063338116 0.021223220542702394 0.014725990083957167 0.0034662304496882543 0.066 2.03378808480227
406.2473569862665 0.15396903366160208 True 0.14784482758620693 -0.18156362437751938 0.02122276798408106 0.01472670166307564 0.0034655340720772844 0.066 2.033792173252991
406.2413336101001 0.15396573918068945 True 0.14784482758620693 -0.18156413584473854 0.02122310740304706 0.014726167978736784 0.003466056355285512 0.066 2.0337891069149503
406.2411809314867 0.15396423572956106 True 0.14784482758620693 -0.1815643896638025 0.021223044973120813 0.014726059940624295 0.003466074883607874 0.066 2.033788484975825
406.3058357638669 0.153961932584156 True 0.14784482758620693 -0.18156472900090947 0.021223072275794987 0.014725840268828148 0.0034662151181718576 0.066 2.03378722180466
406.2412392539911 0.15396626027422256 True 0.14784482758620693 -0.18156406633627806 0.02122290296587572 0.0147263480308591 0.003465820354131214 0.066 2.0337901406033794
406.30600524136867 0.15396576810315413 True 0.14784482758620693 -0.18156411846730064 0.021223031601210803 0.014726208661768353 0.0034658958118996084 0.066 2.033789596483188
406.24129642783817 0.1539660536504779 False 0.14784482758620693 -0.18156408867837542 0.02122297573283606 0.014726291394105216 0.003465925223958618 0.066 2.0337897423046325
406.2412147762446 0.15396461393025823 False 0.14784482758620693 -0.18156432932670752 0.021223014338139307 0.014726111964528037 0.0034660503153976143 0.066 2.033788745636013
406.2411869531008 0.1539639431684837 True 0.14784482758620693 -0.1815644381211284 0.02122305336344677 0.01472600835457933 0.0034661317674063693 0.066 2.033788152928301
406.24114409788905 0.15396424854548577 True 0.14784482758620693 -0.18156438585969098 0.021222905665801574 0.014726174464871806 0.0034659699811324498 0.066 2.0337889882531366
406.24706525387415 0.15396351097166275 True 0.14784482758620693 -0.1815645092941236 0.021222813056919407 0.014726184992804418 0.0034659394533645606 0.066 2.033788923216643
406.2410903007191 0.1539632670423944 True 0.14784482758620693 -0.18156455504466756 0.02122299278971762 0.014725989708079812 0.003466093696711591 0.066 2.033788062654029
406.30577761233894 0.1539616352513968 False 0.14784482758620693 -0.18156478822781363 0.021223001318158408 0.014725838865067106 0.003466177933088078 0.066 2.0337872228287273
406.2410892596058 0.15396186303170648 True 0.14784482758620693 -0.18156477287012077 0.021223101486214715 0.01472578974221421 0.0034663079035711438 0.066 2.033786833175542
406.30580554511863 0.15395942588152609 True 0.14784482758620693 -0.18156512613704218 0.021223200746384216 0.014725510597891761 0.003466551678291108 0.066 2.0337851794616233
406.24106184624253 0.1539624091056422 True 0.14784482758620693 -0.1815646872970566 0.0212230249731813 0.01472589691961974 0.0034661809775741563 0.066 2.0337874631587205
406.30577538572317 0.15396106820768576 True 0.14784482758620693 -0.18156486628223112 0.0212230302907023 0.014725789397165588 0.003466246308662428 0.066 2.0337868219200743
406.24103956829964 0.15396246620041518 True 0.14784482758620693 -0.18156467817300695 0.02122297459176764 0.014725955955584617 0.0034661192096325164 0.066 2.0337877799586006
406.311755703631 0.15396152451814152 True 0.14784482758620693 -0.18156479819894616 0.02122293520592808 0.014725929756087261 0.0034661129307455903 0.066 2.0337875934737504
406.24098979121044 0.15396146581062609 True 0.14784482758620693 -0.18156484203401457 0.02122295482955233 0.014725862775523775 0.003466193823840868 0.066 2.0337871659041866
406.24689498061514 0.1539601160377581 True 0.14784482758620693 -0.18156506821912055 0.02122290975776809 0.014725764192973511 0.0034662532939573644 0.066 2.033786506368367
406.30575378063776 0.15396010143466768 True 0.14784482758620693 -0.1815650283078556 0.021223113802371865 0.014725623575537056 0.0034663882633996614 0.066 2.0337859336872954
406.2410988441536 0.1539632713905342 True 0.14784482758620693 -0.18156454647173215 0.021222957699944145 0.01472603674253812 0.0034660745516992527 0.066 2.0337882246116763
406.30579873381186 0.15396107862335334 True 0.14784482758620693 -0.18156486769581442 0.021223061768229294 0.014725761297870742 0.0034662836928328585 0.066 2.0337866973287557
406.24107637209175 0.15396278280770195 True 0.14784482758620693 -0.1815646267777527 0.021222983717015434 0.014725967881371274 0.003466126836982654 0.066 2.033787842790946
406.2410126827889 0.15396112774993026 True 0.14784482758620693 -0.18156488781611307 0.021223023049374942 0.014725799601645634 0.0034662778039289445 0.066 2.0337867713411697
